#Emin=0 meV   Emax=40 meV deltaE=0.5 meV
#Ha[T] Hb[T] Hc[T] T[K] Q[A^-1] energy[meV] powderintensity powderintensity_bey powderintensity_nuc [barn/sr/f.u.]   f.u.=crystallogrpaphic unit cell (r1xr2xr3)
0 0 0 1.5 0.1 -0.25 0 0 0
0 0 0 1.5 0.1 0.25 0 0 0
0 0 0 1.5 0.1 0.75 0 0 0
0 0 0 1.5 0.1 1.25 11.8740666666667 11.8740666666667 0
0 0 0 1.5 0.1 1.75 0 0 0
0 0 0 1.5 0.1 2.25 0 0 0
0 0 0 1.5 0.1 2.75 0 0 0
0 0 0 1.5 0.1 3.25 0 0 0
0 0 0 1.5 0.1 3.75 0 0 0
0 0 0 1.5 0.1 4.25 0 0 0
0 0 0 1.5 0.1 4.75 0 0 0
0 0 0 1.5 0.1 5.25 0 0 0
0 0 0 1.5 0.1 5.75 0 0 0
0 0 0 1.5 0.1 6.25 0.00804873333333333 0.00804866666666667 0
0 0 0 1.5 0.1 6.75 0 0 0
0 0 0 1.5 0.1 7.25 3.57546 3.57545333333333 0
0 0 0 1.5 0.1 7.75 0.00997533333333333 0.00997533333333333 0
0 0 0 1.5 0.1 8.25 0 0 0
0 0 0 1.5 0.1 8.75 3.34349333333333 3.34349333333333 0
0 0 0 1.5 0.1 9.25 0 0 0
0 0 0 1.5 0.1 9.75 0 0 0
0 0 0 1.5 0.1 10.25 4.66666666666667e-06 4.66666666666667e-06 0
0 0 0 1.5 0.1 10.75 0 0 0
0 0 0 1.5 0.1 11.25 0 0 0
0 0 0 1.5 0.1 11.75 0 0 0
0 0 0 1.5 0.1 12.25 0 0 0
0 0 0 1.5 0.1 12.75 0 0 0
0 0 0 1.5 0.1 13.25 0 0 0
0 0 0 1.5 0.1 13.75 0 0 0
0 0 0 1.5 0.1 14.25 0 0 0
0 0 0 1.5 0.1 14.75 0 0 0
0 0 0 1.5 0.1 15.25 0.277592 0.277592 0
0 0 0 1.5 0.1 15.75 0 0 0
0 0 0 1.5 0.1 16.25 0 0 0
0 0 0 1.5 0.1 16.75 0 0 0
0 0 0 1.5 0.1 17.25 0 0 0
0 0 0 1.5 0.1 17.75 0 0 0
0 0 0 1.5 0.1 18.25 0 0 0
0 0 0 1.5 0.1 18.75 0 0 0
0 0 0 1.5 0.1 19.25 0 0 0
0 0 0 1.5 0.1 19.75 0 0 0
0 0 0 1.5 0.1 20.25 0 0 0
0 0 0 1.5 0.1 20.75 0 0 0
0 0 0 1.5 0.1 21.25 0 0 0
0 0 0 1.5 0.1 21.75 0 0 0
0 0 0 1.5 0.1 22.25 0 0 0
0 0 0 1.5 0.1 22.75 0 0 0
0 0 0 1.5 0.1 23.25 0 0 0
0 0 0 1.5 0.1 23.75 2.99133333333333e-05 2.99133333333333e-05 0
0 0 0 1.5 0.1 24.25 0 0 0
0 0 0 1.5 0.1 24.75 0 0 0
0 0 0 1.5 0.1 25.25 0 0 0
0 0 0 1.5 0.1 25.75 0 0 0
0 0 0 1.5 0.1 26.25 0 0 0
0 0 0 1.5 0.1 26.75 0 0 0
0 0 0 1.5 0.1 27.25 0 0 0
0 0 0 1.5 0.1 27.75 0 0 0
0 0 0 1.5 0.1 28.25 0 0 0
0 0 0 1.5 0.1 28.75 0 0 0
0 0 0 1.5 0.1 29.25 0.00259859333333333 0.00259859333333333 0
0 0 0 1.5 0.1 29.75 0.0974506666666667 0.0974506666666667 0
0 0 0 1.5 0.1 30.25 0 0 0
0 0 0 1.5 0.1 30.75 1.62070666666667 1.62070666666667 0
0 0 0 1.5 0.1 31.25 0 0 0
0 0 0 1.5 0.1 31.75 0 0 0
0 0 0 1.5 0.1 32.25 0 0 0
0 0 0 1.5 0.1 32.75 0 0 0
0 0 0 1.5 0.1 33.25 0 0 0
0 0 0 1.5 0.1 33.75 0 0 0
0 0 0 1.5 0.1 34.25 0 0 0
0 0 0 1.5 0.1 34.75 0 0 0
0 0 0 1.5 0.1 35.25 0 0 0
0 0 0 1.5 0.1 35.75 0 0 0
0 0 0 1.5 0.1 36.25 0 0 0
0 0 0 1.5 0.1 36.75 0 0 0
0 0 0 1.5 0.1 37.25 0 0 0
0 0 0 1.5 0.1 37.75 0 0 0
0 0 0 1.5 0.1 38.25 0 0 0
0 0 0 1.5 0.1 38.75 0 0 0
0 0 0 1.5 0.1 39.25 0 0 0
0 0 0 1.5 0.1 39.75 0 0 0
0 0 0 1.5 0.2 -0.25 0 0 0
0 0 0 1.5 0.2 0.25 0 0 0
0 0 0 1.5 0.2 0.75 0 0 0
0 0 0 1.5 0.2 1.25 17.8295 17.8295 0
0 0 0 1.5 0.2 1.75 0 0 0
0 0 0 1.5 0.2 2.25 0 0 0
0 0 0 1.5 0.2 2.75 0 0 0
0 0 0 1.5 0.2 3.25 0 0 0
0 0 0 1.5 0.2 3.75 0 0 0
0 0 0 1.5 0.2 4.25 0 0 0
0 0 0 1.5 0.2 4.75 0 0 0
0 0 0 1.5 0.2 5.25 0 0 0
0 0 0 1.5 0.2 5.75 0 0 0
0 0 0 1.5 0.2 6.25 0.0123566 0.0123566 0
0 0 0 1.5 0.2 6.75 0 0 0
0 0 0 1.5 0.2 7.25 5.4568 5.4568 0
0 0 0 1.5 0.2 7.75 0.0146972 0.0146972 0
0 0 0 1.5 0.2 8.25 0 0 0
0 0 0 1.5 0.2 8.75 4.90676 4.90676 0
0 0 0 1.5 0.2 9.25 0 0 0
0 0 0 1.5 0.2 9.75 0 0 0
0 0 0 1.5 0.2 10.25 6.97e-06 6.97e-06 0
0 0 0 1.5 0.2 10.75 0 0 0
0 0 0 1.5 0.2 11.25 0 0 0
0 0 0 1.5 0.2 11.75 0 0 0
0 0 0 1.5 0.2 12.25 0 0 0
0 0 0 1.5 0.2 12.75 0 0 0
0 0 0 1.5 0.2 13.25 0 0 0
0 0 0 1.5 0.2 13.75 0 0 0
0 0 0 1.5 0.2 14.25 0 0 0
0 0 0 1.5 0.2 14.75 0 0 0
0 0 0 1.5 0.2 15.25 0.416121 0.416121 0
0 0 0 1.5 0.2 15.75 0 0 0
0 0 0 1.5 0.2 16.25 0 0 0
0 0 0 1.5 0.2 16.75 0 0 0
0 0 0 1.5 0.2 17.25 0 0 0
0 0 0 1.5 0.2 17.75 0 0 0
0 0 0 1.5 0.2 18.25 0 0 0
0 0 0 1.5 0.2 18.75 0 0 0
0 0 0 1.5 0.2 19.25 0 0 0
0 0 0 1.5 0.2 19.75 0 0 0
0 0 0 1.5 0.2 20.25 0 0 0
0 0 0 1.5 0.2 20.75 0 0 0
0 0 0 1.5 0.2 21.25 0 0 0
0 0 0 1.5 0.2 21.75 0 0 0
0 0 0 1.5 0.2 22.25 0 0 0
0 0 0 1.5 0.2 22.75 0 0 0
0 0 0 1.5 0.2 23.25 0 0 0
0 0 0 1.5 0.2 23.75 4.479e-05 4.479e-05 0
0 0 0 1.5 0.2 24.25 0 0 0
0 0 0 1.5 0.2 24.75 0 0 0
0 0 0 1.5 0.2 25.25 0 0 0
0 0 0 1.5 0.2 25.75 0 0 0
0 0 0 1.5 0.2 26.25 0 0 0
0 0 0 1.5 0.2 26.75 0 0 0
0 0 0 1.5 0.2 27.25 0 0 0
0 0 0 1.5 0.2 27.75 0 0 0
0 0 0 1.5 0.2 28.25 0 0 0
0 0 0 1.5 0.2 28.75 0 0 0
0 0 0 1.5 0.2 29.25 0.00390179 0.00390179 0
0 0 0 1.5 0.2 29.75 0.146014 0.146014 0
0 0 0 1.5 0.2 30.25 0 0 0
0 0 0 1.5 0.2 30.75 2.4279 2.4279 0
0 0 0 1.5 0.2 31.25 0 0 0
0 0 0 1.5 0.2 31.75 0 0 0
0 0 0 1.5 0.2 32.25 0 0 0
0 0 0 1.5 0.2 32.75 0 0 0
0 0 0 1.5 0.2 33.25 0 0 0
0 0 0 1.5 0.2 33.75 0 0 0
0 0 0 1.5 0.2 34.25 0 0 0
0 0 0 1.5 0.2 34.75 0 0 0
0 0 0 1.5 0.2 35.25 0 0 0
0 0 0 1.5 0.2 35.75 0 0 0
0 0 0 1.5 0.2 36.25 0 0 0
0 0 0 1.5 0.2 36.75 0 0 0
0 0 0 1.5 0.2 37.25 0 0 0
0 0 0 1.5 0.2 37.75 0 0 0
0 0 0 1.5 0.2 38.25 0 0 0
0 0 0 1.5 0.2 38.75 0 0 0
0 0 0 1.5 0.2 39.25 0 0 0
0 0 0 1.5 0.2 39.75 0 0 0
0 0 0 1.5 0.3 -0.25 0 0 0
0 0 0 1.5 0.3 0.25 0 0 0
0 0 0 1.5 0.3 0.75 1.89504274285714 1.89504274285714 0
0 0 0 1.5 0.3 1.25 15.8825643142857 15.8825643142857 0
0 0 0 1.5 0.3 1.75 0 0 0
0 0 0 1.5 0.3 2.25 0 0 0
0 0 0 1.5 0.3 2.75 0 0 0
0 0 0 1.5 0.3 3.25 0 0 0
0 0 0 1.5 0.3 3.75 0 0 0
0 0 0 1.5 0.3 4.25 0 0 0
0 0 0 1.5 0.3 4.75 0 0 0
0 0 0 1.5 0.3 5.25 0 0 0
0 0 0 1.5 0.3 5.75 0 0 0
0 0 0 1.5 0.3 6.25 0.0127735457142857 0.0127735457142857 0
0 0 0 1.5 0.3 6.75 0.736682828571429 0.736682828571429 0
0 0 0 1.5 0.3 7.25 4.76793158285714 4.76793158285714 0
0 0 0 1.5 0.3 7.75 0.0147111242857143 0.0147111242857143 0
0 0 0 1.5 0.3 8.25 1.86483591857143 1.86483591857143 0
0 0 0 1.5 0.3 8.75 3.03888521428571 3.03888235714286 0
0 0 0 1.5 0.3 9.25 0 0 0
0 0 0 1.5 0.3 9.75 0 0 0
0 0 0 1.5 0.3 10.25 7.06428571428572e-06 7.06428571428572e-06 0
0 0 0 1.5 0.3 10.75 0 0 0
0 0 0 1.5 0.3 11.25 0 0 0
0 0 0 1.5 0.3 11.75 0 0 0
0 0 0 1.5 0.3 12.25 0 0 0
0 0 0 1.5 0.3 12.75 0 0 0
0 0 0 1.5 0.3 13.25 0 0 0
0 0 0 1.5 0.3 13.75 0 0 0
0 0 0 1.5 0.3 14.25 0 0 0
0 0 0 1.5 0.3 14.75 0 0 0
0 0 0 1.5 0.3 15.25 0.417378671428571 0.417378527142857 0
0 0 0 1.5 0.3 15.75 0 0 0
0 0 0 1.5 0.3 16.25 0 0 0
0 0 0 1.5 0.3 16.75 0 0 0
0 0 0 1.5 0.3 17.25 0 0 0
0 0 0 1.5 0.3 17.75 0 0 0
0 0 0 1.5 0.3 18.25 0 0 0
0 0 0 1.5 0.3 18.75 0 0 0
0 0 0 1.5 0.3 19.25 0 0 0
0 0 0 1.5 0.3 19.75 0 0 0
0 0 0 1.5 0.3 20.25 0 0 0
0 0 0 1.5 0.3 20.75 0 0 0
0 0 0 1.5 0.3 21.25 0 0 0
0 0 0 1.5 0.3 21.75 0 0 0
0 0 0 1.5 0.3 22.25 0 0 0
0 0 0 1.5 0.3 22.75 0 0 0
0 0 0 1.5 0.3 23.25 0 0 0
0 0 0 1.5 0.3 23.75 4.49271428571429e-05 4.49271428571429e-05 0
0 0 0 1.5 0.3 24.25 0 0 0
0 0 0 1.5 0.3 24.75 0 0 0
0 0 0 1.5 0.3 25.25 0 0 0
0 0 0 1.5 0.3 25.75 0 0 0
0 0 0 1.5 0.3 26.25 0 0 0
0 0 0 1.5 0.3 26.75 0 0 0
0 0 0 1.5 0.3 27.25 0 0 0
0 0 0 1.5 0.3 27.75 0 0 0
0 0 0 1.5 0.3 28.25 0 0 0
0 0 0 1.5 0.3 28.75 0 0 0
0 0 0 1.5 0.3 29.25 0.00388031285714286 0.00388031285714286 0
0 0 0 1.5 0.3 29.75 0.146167424285714 0.146167424285714 0
0 0 0 1.5 0.3 30.25 0.989489082857143 0.989489082857143 0
0 0 0 1.5 0.3 30.75 1.44375673714286 1.44375673714286 0
0 0 0 1.5 0.3 31.25 0 0 0
0 0 0 1.5 0.3 31.75 0 0 0
0 0 0 1.5 0.3 32.25 0 0 0
0 0 0 1.5 0.3 32.75 0 0 0
0 0 0 1.5 0.3 33.25 0 0 0
0 0 0 1.5 0.3 33.75 0 0 0
0 0 0 1.5 0.3 34.25 0 0 0
0 0 0 1.5 0.3 34.75 0 0 0
0 0 0 1.5 0.3 35.25 0 0 0
0 0 0 1.5 0.3 35.75 0 0 0
0 0 0 1.5 0.3 36.25 0 0 0
0 0 0 1.5 0.3 36.75 0 0 0
0 0 0 1.5 0.3 37.25 0 0 0
0 0 0 1.5 0.3 37.75 0 0 0
0 0 0 1.5 0.3 38.25 0 0 0
0 0 0 1.5 0.3 38.75 0 0 0
0 0 0 1.5 0.3 39.25 0 0 0
0 0 0 1.5 0.3 39.75 0 0 0
0 0 0 1.5 0.4 -0.25 0 0 0
0 0 0 1.5 0.4 0.25 0 0 0
0 0 0 1.5 0.4 0.75 3.04933613894737 3.04933613368421 0
0 0 0 1.5 0.4 1.25 14.7060484521053 14.7060484521053 0
0 0 0 1.5 0.4 1.75 0 0 0
0 0 0 1.5 0.4 2.25 0 0 0
0 0 0 1.5 0.4 2.75 0 0 0
0 0 0 1.5 0.4 3.25 0 0 0
0 0 0 1.5 0.4 3.75 0 0 0
0 0 0 1.5 0.4 4.25 0 0 0
0 0 0 1.5 0.4 4.75 0 0 0
0 0 0 1.5 0.4 5.25 0 0 0
0 0 0 1.5 0.4 5.75 0 0 0
0 0 0 1.5 0.4 6.25 0.0132914647368421 0.0132914647368421 0
0 0 0 1.5 0.4 6.75 1.07107487789474 1.07107482526316 0
0 0 0 1.5 0.4 7.25 4.53847941631579 4.53847941631579 0
0 0 0 1.5 0.4 7.75 0.0145170494736842 0.0145170489473684 0
0 0 0 1.5 0.4 8.25 1.67798032 1.67798016210526 0
0 0 0 1.5 0.4 8.75 3.14079580157895 3.14079579631579 0
0 0 0 1.5 0.4 9.25 0 0 0
0 0 0 1.5 0.4 9.75 0 0 0
0 0 0 1.5 0.4 10.25 7.11578947368421e-06 7.11578947368421e-06 0
0 0 0 1.5 0.4 10.75 0 0 0
0 0 0 1.5 0.4 11.25 0 0 0
0 0 0 1.5 0.4 11.75 0 0 0
0 0 0 1.5 0.4 12.25 0 0 0
0 0 0 1.5 0.4 12.75 0 0 0
0 0 0 1.5 0.4 13.25 0 0 0
0 0 0 1.5 0.4 13.75 0 0 0
0 0 0 1.5 0.4 14.25 0 0 0
0 0 0 1.5 0.4 14.75 0 0 0
0 0 0 1.5 0.4 15.25 0.418076348421053 0.418076347894737 0
0 0 0 1.5 0.4 15.75 0 0 0
0 0 0 1.5 0.4 16.25 0 0 0
0 0 0 1.5 0.4 16.75 0 0 0
0 0 0 1.5 0.4 17.25 0 0 0
0 0 0 1.5 0.4 17.75 0 0 0
0 0 0 1.5 0.4 18.25 0 0 0
0 0 0 1.5 0.4 18.75 0 0 0
0 0 0 1.5 0.4 19.25 0 0 0
0 0 0 1.5 0.4 19.75 0 0 0
0 0 0 1.5 0.4 20.25 0 0 0
0 0 0 1.5 0.4 20.75 0 0 0
0 0 0 1.5 0.4 21.25 0 0 0
0 0 0 1.5 0.4 21.75 0 0 0
0 0 0 1.5 0.4 22.25 0 0 0
0 0 0 1.5 0.4 22.75 0 0 0
0 0 0 1.5 0.4 23.25 0 0 0
0 0 0 1.5 0.4 23.75 4.49542105263158e-05 4.49542105263158e-05 0
0 0 0 1.5 0.4 24.25 0 0 0
0 0 0 1.5 0.4 24.75 0 0 0
0 0 0 1.5 0.4 25.25 0 0 0
0 0 0 1.5 0.4 25.75 0 0 0
0 0 0 1.5 0.4 26.25 0 0 0
0 0 0 1.5 0.4 26.75 0 0 0
0 0 0 1.5 0.4 27.25 0 0 0
0 0 0 1.5 0.4 27.75 0 0 0
0 0 0 1.5 0.4 28.25 0 0 0
0 0 0 1.5 0.4 28.75 0 0 0
0 0 0 1.5 0.4 29.25 0.00386804105263158 0.00386804052631579 0
0 0 0 1.5 0.4 29.75 0.146151312631579 0.146151312631579 0
0 0 0 1.5 0.4 30.25 0.932562885789474 0.932562880526316 0
0 0 0 1.5 0.4 30.75 1.50193878315789 1.50193878315789 0
0 0 0 1.5 0.4 31.25 0 0 0
0 0 0 1.5 0.4 31.75 0 0 0
0 0 0 1.5 0.4 32.25 0 0 0
0 0 0 1.5 0.4 32.75 0 0 0
0 0 0 1.5 0.4 33.25 0 0 0
0 0 0 1.5 0.4 33.75 0 0 0
0 0 0 1.5 0.4 34.25 0 0 0
0 0 0 1.5 0.4 34.75 0 0 0
0 0 0 1.5 0.4 35.25 0 0 0
0 0 0 1.5 0.4 35.75 0 0 0
0 0 0 1.5 0.4 36.25 0 0 0
0 0 0 1.5 0.4 36.75 0 0 0
0 0 0 1.5 0.4 37.25 0 0 0
0 0 0 1.5 0.4 37.75 0 0 0
0 0 0 1.5 0.4 38.25 0 0 0
0 0 0 1.5 0.4 38.75 0 0 0
0 0 0 1.5 0.4 39.25 0 0 0
0 0 0 1.5 0.4 39.75 0 0 0
0 0 0 1.5 0.5 -0.25 0 0 0
0 0 0 1.5 0.5 0.25 0 0 0
0 0 0 1.5 0.5 0.75 3.4038198975 3.40381987477273 0
0 0 0 1.5 0.5 1.25 14.3184508372727 14.318450835 0
0 0 0 1.5 0.5 1.75 0 0 0
0 0 0 1.5 0.5 2.25 0 0 0
0 0 0 1.5 0.5 2.75 0 0 0
0 0 0 1.5 0.5 3.25 0 0 0
0 0 0 1.5 0.5 3.75 0 0 0
0 0 0 1.5 0.5 4.25 0 0 0
0 0 0 1.5 0.5 4.75 0 0 0
0 0 0 1.5 0.5 5.25 0 0 0
0 0 0 1.5 0.5 5.75 0 0 0
0 0 0 1.5 0.5 6.25 0.0137338429545455 0.0137338422727273 0
0 0 0 1.5 0.5 6.75 1.3924055625 1.39240551477273 0
0 0 0 1.5 0.5 7.25 4.28577775 4.28577727272727 0
0 0 0 1.5 0.5 7.75 0.0144356865909091 0.0144356865909091 0
0 0 0 1.5 0.5 8.25 2.18989067818182 2.18989065318182 0
0 0 0 1.5 0.5 8.75 2.58923151227273 2.58923151204545 0
0 0 0 1.5 0.5 9.25 0 0 0
0 0 0 1.5 0.5 9.75 0 0 0
0 0 0 1.5 0.5 10.25 7.18363636363636e-06 7.18363636363636e-06 0
0 0 0 1.5 0.5 10.75 0 0 0
0 0 0 1.5 0.5 11.25 0 0 0
0 0 0 1.5 0.5 11.75 0 0 0
0 0 0 1.5 0.5 12.25 0 0 0
0 0 0 1.5 0.5 12.75 0 0 0
0 0 0 1.5 0.5 13.25 0 0 0
0 0 0 1.5 0.5 13.75 0 0 0
0 0 0 1.5 0.5 14.25 0 0 0
0 0 0 1.5 0.5 14.75 0 0 0
0 0 0 1.5 0.5 15.25 0.418966406590909 0.418966383636364 0
0 0 0 1.5 0.5 15.75 0 0 0
0 0 0 1.5 0.5 16.25 0 0 0
0 0 0 1.5 0.5 16.75 0 0 0
0 0 0 1.5 0.5 17.25 0 0 0
0 0 0 1.5 0.5 17.75 0 0 0
0 0 0 1.5 0.5 18.25 0 0 0
0 0 0 1.5 0.5 18.75 0 0 0
0 0 0 1.5 0.5 19.25 0 0 0
0 0 0 1.5 0.5 19.75 0 0 0
0 0 0 1.5 0.5 20.25 0 0 0
0 0 0 1.5 0.5 20.75 0 0 0
0 0 0 1.5 0.5 21.25 0 0 0
0 0 0 1.5 0.5 21.75 0 0 0
0 0 0 1.5 0.5 22.25 0 0 0
0 0 0 1.5 0.5 22.75 0 0 0
0 0 0 1.5 0.5 23.25 0 0 0
0 0 0 1.5 0.5 23.75 4.50231818181818e-05 4.50231818181818e-05 0
0 0 0 1.5 0.5 24.25 0 0 0
0 0 0 1.5 0.5 24.75 0 0 0
0 0 0 1.5 0.5 25.25 0 0 0
0 0 0 1.5 0.5 25.75 0 0 0
0 0 0 1.5 0.5 26.25 0 0 0
0 0 0 1.5 0.5 26.75 0 0 0
0 0 0 1.5 0.5 27.25 0 0 0
0 0 0 1.5 0.5 27.75 0 0 0
0 0 0 1.5 0.5 28.25 0 0 0
0 0 0 1.5 0.5 28.75 0 0 0
0 0 0 1.5 0.5 29.25 0.00385284545454546 0.003852845 0
0 0 0 1.5 0.5 29.75 0.146212318181818 0.146212295227273 0
0 0 0 1.5 0.5 30.25 1.29141538045455 1.29141531 0
0 0 0 1.5 0.5 30.75 1.14597315681818 1.14597315659091 0
0 0 0 1.5 0.5 31.25 0 0 0
0 0 0 1.5 0.5 31.75 0 0 0
0 0 0 1.5 0.5 32.25 0 0 0
0 0 0 1.5 0.5 32.75 0 0 0
0 0 0 1.5 0.5 33.25 0 0 0
0 0 0 1.5 0.5 33.75 0 0 0
0 0 0 1.5 0.5 34.25 0 0 0
0 0 0 1.5 0.5 34.75 0 0 0
0 0 0 1.5 0.5 35.25 0 0 0
0 0 0 1.5 0.5 35.75 0 0 0
0 0 0 1.5 0.5 36.25 0 0 0
0 0 0 1.5 0.5 36.75 0 0 0
0 0 0 1.5 0.5 37.25 0 0 0
0 0 0 1.5 0.5 37.75 0 0 0
0 0 0 1.5 0.5 38.25 0 0 0
0 0 0 1.5 0.5 38.75 0 0 0
0 0 0 1.5 0.5 39.25 0 0 0
0 0 0 1.5 0.5 39.75 0 0 0
0 0 0 1.5 0.6 -0.25 0 0 0
0 0 0 1.5 0.6 0.25 0 0 0
0 0 0 1.5 0.6 0.75 4.64767685766667 4.64767685755555 0
0 0 0 1.5 0.6 1.25 13.0521941081111 13.0521940857778 0
0 0 0 1.5 0.6 1.75 0 0 0
0 0 0 1.5 0.6 2.25 0 0 0
0 0 0 1.5 0.6 2.75 0 0 0
0 0 0 1.5 0.6 3.25 0 0 0
0 0 0 1.5 0.6 3.75 0 0 0
0 0 0 1.5 0.6 4.25 0 0 0
0 0 0 1.5 0.6 4.75 0 0 0
0 0 0 1.5 0.6 5.25 0 0 0
0 0 0 1.5 0.6 5.75 0 0 0
0 0 0 1.5 0.6 6.25 0.0142363368888889 0.0142363353333333 0
0 0 0 1.5 0.6 6.75 1.76942371555556 1.76942347111111 0
0 0 0 1.5 0.6 7.25 3.99838856333333 3.99838834111111 0
0 0 0 1.5 0.6 7.75 0.0142811728888889 0.0142811725555556 0
0 0 0 1.5 0.6 8.25 1.99874999733333 1.99874992811111 0
0 0 0 1.5 0.6 8.75 2.71077546955556 2.71077544622222 0
0 0 0 1.5 0.6 9.25 0 0 0
0 0 0 1.5 0.6 9.75 0 0 0
0 0 0 1.5 0.6 10.25 7.23300000000001e-06 7.23300000000001e-06 0
0 0 0 1.5 0.6 10.75 0 0 0
0 0 0 1.5 0.6 11.25 0 0 0
0 0 0 1.5 0.6 11.75 0 0 0
0 0 0 1.5 0.6 12.25 0 0 0
0 0 0 1.5 0.6 12.75 0 0 0
0 0 0 1.5 0.6 13.25 0 0 0
0 0 0 1.5 0.6 13.75 0 0 0
0 0 0 1.5 0.6 14.25 0 0 0
0 0 0 1.5 0.6 14.75 0 0 0
0 0 0 1.5 0.6 15.25 0.419658377222222 0.419658372666667 0
0 0 0 1.5 0.6 15.75 0 0 0
0 0 0 1.5 0.6 16.25 0 0 0
0 0 0 1.5 0.6 16.75 0 0 0
0 0 0 1.5 0.6 17.25 0 0 0
0 0 0 1.5 0.6 17.75 0 0 0
0 0 0 1.5 0.6 18.25 0 0 0
0 0 0 1.5 0.6 18.75 0 0 0
0 0 0 1.5 0.6 19.25 0 0 0
0 0 0 1.5 0.6 19.75 0 0 0
0 0 0 1.5 0.6 20.25 0 0 0
0 0 0 1.5 0.6 20.75 0 0 0
0 0 0 1.5 0.6 21.25 0 0 0
0 0 0 1.5 0.6 21.75 0 0 0
0 0 0 1.5 0.6 22.25 0 0 0
0 0 0 1.5 0.6 22.75 0 0 0
0 0 0 1.5 0.6 23.25 0 0 0
0 0 0 1.5 0.6 23.75 4.50557777777778e-05 4.50557777777778e-05 0
0 0 0 1.5 0.6 24.25 0 0 0
0 0 0 1.5 0.6 24.75 0 0 0
0 0 0 1.5 0.6 25.25 0 0 0
0 0 0 1.5 0.6 25.75 0 0 0
0 0 0 1.5 0.6 26.25 0 0 0
0 0 0 1.5 0.6 26.75 0 0 0
0 0 0 1.5 0.6 27.25 0 0 0
0 0 0 1.5 0.6 27.75 0 0 0
0 0 0 1.5 0.6 28.25 0 0 0
0 0 0 1.5 0.6 28.75 0 0 0
0 0 0 1.5 0.6 29.25 0.00384090222222222 0.00384090211111111 0
0 0 0 1.5 0.6 29.75 0.146211369888889 0.146211363222222 0
0 0 0 1.5 0.6 30.25 1.210596226 1.21059622466667 0
0 0 0 1.5 0.6 30.75 1.22819656088889 1.22819643866667 0
0 0 0 1.5 0.6 31.25 0 0 0
0 0 0 1.5 0.6 31.75 0 0 0
0 0 0 1.5 0.6 32.25 0 0 0
0 0 0 1.5 0.6 32.75 0 0 0
0 0 0 1.5 0.6 33.25 0 0 0
0 0 0 1.5 0.6 33.75 0 0 0
0 0 0 1.5 0.6 34.25 0 0 0
0 0 0 1.5 0.6 34.75 0 0 0
0 0 0 1.5 0.6 35.25 0 0 0
0 0 0 1.5 0.6 35.75 0 0 0
0 0 0 1.5 0.6 36.25 0 0 0
0 0 0 1.5 0.6 36.75 0 0 0
0 0 0 1.5 0.6 37.25 0 0 0
0 0 0 1.5 0.6 37.75 0 0 0
0 0 0 1.5 0.6 38.25 0 0 0
0 0 0 1.5 0.6 38.75 0 0 0
0 0 0 1.5 0.6 39.25 0 0 0
0 0 0 1.5 0.6 39.75 0 0 0
0 0 0 1.5 0.7 -0.25 0 0 0
0 0 0 1.5 0.7 0.25 0 0 0
0 0 0 1.5 0.7 0.75 6.06901168425 6.0690115316875 0
0 0 0 1.5 0.7 1.25 11.634681313 11.63468116925 0
0 0 0 1.5 0.7 1.75 0 0 0
0 0 0 1.5 0.7 2.25 0 0 0
0 0 0 1.5 0.7 2.75 0 0 0
0 0 0 1.5 0.7 3.25 0 0 0
0 0 0 1.5 0.7 3.75 0 0 0
0 0 0 1.5 0.7 4.25 0 0 0
0 0 0 1.5 0.7 4.75 0 0 0
0 0 0 1.5 0.7 5.25 0 0 0
0 0 0 1.5 0.7 5.75 0 0 0
0 0 0 1.5 0.7 6.25 0.0147631864375 0.0147631855625 0
0 0 0 1.5 0.7 6.75 2.5099543915625 2.50995419025 0
0 0 0 1.5 0.7 7.25 3.3573801729375 3.3573797723125 0
0 0 0 1.5 0.7 7.75 0.014049492 0.014049490625 0
0 0 0 1.5 0.7 8.25 2.46706382075 2.46706366375 0
0 0 0 1.5 0.7 8.75 2.14052084725 2.14052065975 0
0 0 0 1.5 0.7 9.25 0 0 0
0 0 0 1.5 0.7 9.75 0 0 0
0 0 0 1.5 0.7 10.25 7.23275e-06 7.23275e-06 0
0 0 0 1.5 0.7 10.75 0 0 0
0 0 0 1.5 0.7 11.25 0 0 0
0 0 0 1.5 0.7 11.75 0 0 0
0 0 0 1.5 0.7 12.25 0 0 0
0 0 0 1.5 0.7 12.75 0 0 0
0 0 0 1.5 0.7 13.25 0 0 0
0 0 0 1.5 0.7 13.75 0 0 0
0 0 0 1.5 0.7 14.25 0 0 0
0 0 0 1.5 0.7 14.75 0 0 0
0 0 0 1.5 0.7 15.25 0.41976167525 0.4197616413125 0
0 0 0 1.5 0.7 15.75 0 0 0
0 0 0 1.5 0.7 16.25 0 0 0
0 0 0 1.5 0.7 16.75 0 0 0
0 0 0 1.5 0.7 17.25 0 0 0
0 0 0 1.5 0.7 17.75 0 0 0
0 0 0 1.5 0.7 18.25 0 0 0
0 0 0 1.5 0.7 18.75 0 0 0
0 0 0 1.5 0.7 19.25 0 0 0
0 0 0 1.5 0.7 19.75 0 0 0
0 0 0 1.5 0.7 20.25 0 0 0
0 0 0 1.5 0.7 20.75 0 0 0
0 0 0 1.5 0.7 21.25 0 0 0
0 0 0 1.5 0.7 21.75 0 0 0
0 0 0 1.5 0.7 22.25 0 0 0
0 0 0 1.5 0.7 22.75 0 0 0
0 0 0 1.5 0.7 23.25 0 0 0
0 0 0 1.5 0.7 23.75 4.50115e-05 4.50115e-05 0
0 0 0 1.5 0.7 24.25 0 0 0
0 0 0 1.5 0.7 24.75 0 0 0
0 0 0 1.5 0.7 25.25 0 0 0
0 0 0 1.5 0.7 25.75 0 0 0
0 0 0 1.5 0.7 26.25 0 0 0
0 0 0 1.5 0.7 26.75 0 0 0
0 0 0 1.5 0.7 27.25 0 0 0
0 0 0 1.5 0.7 27.75 0 0 0
0 0 0 1.5 0.7 28.25 0 0 0
0 0 0 1.5 0.7 28.75 0 0 0
0 0 0 1.5 0.7 29.25 0.003838622 0.0038386218125 0
0 0 0 1.5 0.7 29.75 0.146097537125 0.1460975310625 0
0 0 0 1.5 0.7 30.25 1.4307210869375 1.4307209913125 0
0 0 0 1.5 0.7 30.75 1.0064709945625 1.0064709189375 0
0 0 0 1.5 0.7 31.25 0 0 0
0 0 0 1.5 0.7 31.75 0 0 0
0 0 0 1.5 0.7 32.25 0 0 0
0 0 0 1.5 0.7 32.75 0 0 0
0 0 0 1.5 0.7 33.25 0 0 0
0 0 0 1.5 0.7 33.75 0 0 0
0 0 0 1.5 0.7 34.25 0 0 0
0 0 0 1.5 0.7 34.75 0 0 0
0 0 0 1.5 0.7 35.25 0 0 0
0 0 0 1.5 0.7 35.75 0 0 0
0 0 0 1.5 0.7 36.25 0 0 0
0 0 0 1.5 0.7 36.75 0 0 0
0 0 0 1.5 0.7 37.25 0 0 0
0 0 0 1.5 0.7 37.75 0 0 0
0 0 0 1.5 0.7 38.25 0 0 0
0 0 0 1.5 0.7 38.75 0 0 0
0 0 0 1.5 0.7 39.25 0 0 0
0 0 0 1.5 0.7 39.75 0 0 0
0 0 0 1.5 0.8 -0.25 0 0 0
0 0 0 1.5 0.8 0.25 0 0 0
0 0 0 1.5 0.8 0.75 8.30348342161172 8.30348282047619 0
0 0 0 1.5 0.8 1.25 9.44075417659341 9.44075329380953 0
0 0 0 1.5 0.8 1.75 0 0 0
0 0 0 1.5 0.8 2.25 0 0 0
0 0 0 1.5 0.8 2.75 0 0 0
0 0 0 1.5 0.8 3.25 0 0 0
0 0 0 1.5 0.8 3.75 0 0 0
0 0 0 1.5 0.8 4.25 0 0 0
0 0 0 1.5 0.8 4.75 0 0 0
0 0 0 1.5 0.8 5.25 0 0 0
0 0 0 1.5 0.8 5.75 0 0 0
0 0 0 1.5 0.8 6.25 0.0153437375824176 0.0153437361172161 0
0 0 0 1.5 0.8 6.75 3.3456611643956 3.34566095373626 0
0 0 0 1.5 0.8 7.25 2.63568357406593 2.6356833389011 0
0 0 0 1.5 0.8 7.75 0.0137112699267399 0.0137112687179487 0
0 0 0 1.5 0.8 8.25 2.79807645538462 2.79807626967033 0
0 0 0 1.5 0.8 8.75 1.66165019857143 1.66165019820513 0
0 0 0 1.5 0.8 9.25 0 0 0
0 0 0 1.5 0.8 9.75 0 0 0
0 0 0 1.5 0.8 10.25 7.16619047619048e-06 7.16619047619048e-06 0
0 0 0 1.5 0.8 10.75 0 0 0
0 0 0 1.5 0.8 11.25 0 0 0
0 0 0 1.5 0.8 11.75 0 0 0
0 0 0 1.5 0.8 12.25 0 0 0
0 0 0 1.5 0.8 12.75 0 0 0
0 0 0 1.5 0.8 13.25 0 0 0
0 0 0 1.5 0.8 13.75 0 0 0
0 0 0 1.5 0.8 14.25 0 0 0
0 0 0 1.5 0.8 14.75 0 0 0
0 0 0 1.5 0.8 15.25 0.419037953699634 0.419037923076923 0
0 0 0 1.5 0.8 15.75 0 0 0
0 0 0 1.5 0.8 16.25 0 0 0
0 0 0 1.5 0.8 16.75 0 0 0
0 0 0 1.5 0.8 17.25 0 0 0
0 0 0 1.5 0.8 17.75 0 0 0
0 0 0 1.5 0.8 18.25 0 0 0
0 0 0 1.5 0.8 18.75 0 0 0
0 0 0 1.5 0.8 19.25 0 0 0
0 0 0 1.5 0.8 19.75 0 0 0
0 0 0 1.5 0.8 20.25 0 0 0
0 0 0 1.5 0.8 20.75 0 0 0
0 0 0 1.5 0.8 21.25 0 0 0
0 0 0 1.5 0.8 21.75 0 0 0
0 0 0 1.5 0.8 22.25 0 0 0
0 0 0 1.5 0.8 22.75 0 0 0
0 0 0 1.5 0.8 23.25 0 0 0
0 0 0 1.5 0.8 23.75 4.48601831501831e-05 4.48601831501831e-05 0
0 0 0 1.5 0.8 24.25 0 0 0
0 0 0 1.5 0.8 24.75 0 0 0
0 0 0 1.5 0.8 25.25 0 0 0
0 0 0 1.5 0.8 25.75 0 0 0
0 0 0 1.5 0.8 26.25 0 0 0
0 0 0 1.5 0.8 26.75 0 0 0
0 0 0 1.5 0.8 27.25 0 0 0
0 0 0 1.5 0.8 27.75 0 0 0
0 0 0 1.5 0.8 28.25 0 0 0
0 0 0 1.5 0.8 28.75 0 0 0
0 0 0 1.5 0.8 29.25 0.00385012443223443 0.00385012424908424 0
0 0 0 1.5 0.8 29.75 0.145827414249084 0.145827401208791 0
0 0 0 1.5 0.8 30.25 1.7053787121978 1.70537865029304 0
0 0 0 1.5 0.8 30.75 0.725998076007326 0.725998032051282 0
0 0 0 1.5 0.8 31.25 0 0 0
0 0 0 1.5 0.8 31.75 0 0 0
0 0 0 1.5 0.8 32.25 0 0 0
0 0 0 1.5 0.8 32.75 0 0 0
0 0 0 1.5 0.8 33.25 0 0 0
0 0 0 1.5 0.8 33.75 0 0 0
0 0 0 1.5 0.8 34.25 0 0 0
0 0 0 1.5 0.8 34.75 0 0 0
0 0 0 1.5 0.8 35.25 0 0 0
0 0 0 1.5 0.8 35.75 0 0 0
0 0 0 1.5 0.8 36.25 0 0 0
0 0 0 1.5 0.8 36.75 0 0 0
0 0 0 1.5 0.8 37.25 0 0 0
0 0 0 1.5 0.8 37.75 0 0 0
0 0 0 1.5 0.8 38.25 0 0 0
0 0 0 1.5 0.8 38.75 0 0 0
0 0 0 1.5 0.8 39.25 0 0 0
0 0 0 1.5 0.8 39.75 0 0 0
0 0 0 1.5 0.9 -0.25 0 0 0
0 0 0 1.5 0.9 0.25 0 0 0
0 0 0 1.5 0.9 0.75 10.9062516748387 10.9062514602995 0
0 0 0 1.5 0.9 1.25 6.90190549571429 6.90190465930876 0
0 0 0 1.5 0.9 1.75 0 0 0
0 0 0 1.5 0.9 2.25 0 0 0
0 0 0 1.5 0.9 2.75 0 0 0
0 0 0 1.5 0.9 3.25 0 0 0
0 0 0 1.5 0.9 3.75 0 0 0
0 0 0 1.5 0.9 4.25 0 0 0
0 0 0 1.5 0.9 4.75 0 0 0
0 0 0 1.5 0.9 5.25 0 0 0
0 0 0 1.5 0.9 5.75 0 0 0
0 0 0 1.5 0.9 6.25 0.0160738731105991 0.0160738723271889 0
0 0 0 1.5 0.9 6.75 4.31595584571429 4.3159554714977 0
0 0 0 1.5 0.9 7.25 1.79781447511521 1.79781437603687 0
0 0 0 1.5 0.9 7.75 0.0132895024193548 0.0132895012442396 0
0 0 0 1.5 0.9 8.25 3.29690015018434 3.29690004532258 0
0 0 0 1.5 0.9 8.75 0.976671026520738 0.976670899562213 0
0 0 0 1.5 0.9 9.25 0 0 0
0 0 0 1.5 0.9 9.75 0 0 0
0 0 0 1.5 0.9 10.25 7.06198156682025e-06 7.06198156682025e-06 0
0 0 0 1.5 0.9 10.75 0 0 0
0 0 0 1.5 0.9 11.25 0 0 0
0 0 0 1.5 0.9 11.75 0 0 0
0 0 0 1.5 0.9 12.25 0 0 0
0 0 0 1.5 0.9 12.75 0 0 0
0 0 0 1.5 0.9 13.25 0 0 0
0 0 0 1.5 0.9 13.75 0 0 0
0 0 0 1.5 0.9 14.25 0 0 0
0 0 0 1.5 0.9 14.75 0 0 0
0 0 0 1.5 0.9 15.25 0.417807478870968 0.417807459331797 0
0 0 0 1.5 0.9 15.75 0 0 0
0 0 0 1.5 0.9 16.25 0 0 0
0 0 0 1.5 0.9 16.75 0 0 0
0 0 0 1.5 0.9 17.25 0 0 0
0 0 0 1.5 0.9 17.75 0 0 0
0 0 0 1.5 0.9 18.25 0 0 0
0 0 0 1.5 0.9 18.75 0 0 0
0 0 0 1.5 0.9 19.25 0 0 0
0 0 0 1.5 0.9 19.75 0 0 0
0 0 0 1.5 0.9 20.25 0 0 0
0 0 0 1.5 0.9 20.75 0 0 0
0 0 0 1.5 0.9 21.25 0 0 0
0 0 0 1.5 0.9 21.75 0 0 0
0 0 0 1.5 0.9 22.25 0 0 0
0 0 0 1.5 0.9 22.75 0 0 0
0 0 0 1.5 0.9 23.25 0 0 0
0 0 0 1.5 0.9 23.75 4.46372119815668e-05 4.46372119815668e-05 0
0 0 0 1.5 0.9 24.25 0 0 0
0 0 0 1.5 0.9 24.75 0 0 0
0 0 0 1.5 0.9 25.25 0 0 0
0 0 0 1.5 0.9 25.75 0 0 0
0 0 0 1.5 0.9 26.25 0 0 0
0 0 0 1.5 0.9 26.75 0 0 0
0 0 0 1.5 0.9 27.25 0 0 0
0 0 0 1.5 0.9 27.75 0 0 0
0 0 0 1.5 0.9 28.25 0 0 0
0 0 0 1.5 0.9 28.75 0 0 0
0 0 0 1.5 0.9 29.25 0.00387056119815668 0.00387056094470046 0
0 0 0 1.5 0.9 29.75 0.145452724354839 0.145452713156682 0
0 0 0 1.5 0.9 30.25 1.98172610361751 1.98172596603687 0
0 0 0 1.5 0.9 30.75 0.440975605414746 0.440975566013825 0
0 0 0 1.5 0.9 31.25 0 0 0
0 0 0 1.5 0.9 31.75 0 0 0
0 0 0 1.5 0.9 32.25 0 0 0
0 0 0 1.5 0.9 32.75 0 0 0
0 0 0 1.5 0.9 33.25 0 0 0
0 0 0 1.5 0.9 33.75 0 0 0
0 0 0 1.5 0.9 34.25 0 0 0
0 0 0 1.5 0.9 34.75 0 0 0
0 0 0 1.5 0.9 35.25 0 0 0
0 0 0 1.5 0.9 35.75 0 0 0
0 0 0 1.5 0.9 36.25 0 0 0
0 0 0 1.5 0.9 36.75 0 0 0
0 0 0 1.5 0.9 37.25 0 0 0
0 0 0 1.5 0.9 37.75 0 0 0
0 0 0 1.5 0.9 38.25 0 0 0
0 0 0 1.5 0.9 38.75 0 0 0
0 0 0 1.5 0.9 39.25 0 0 0
0 0 0 1.5 0.9 39.75 0 0 0
0 0 0 1.5 1 -0.25 0 0 0
0 0 0 1.5 1 0.25 0 0 0
0 0 0 1.5 1 0.75 13.4047097971927 13.4047091517906 0
0 0 0 1.5 1 1.25 4.4721528875569 4.47215270194233 0
0 0 0 1.5 1 1.75 0 0 0
0 0 0 1.5 1 2.25 0 0 0
0 0 0 1.5 1 2.75 0 0 0
0 0 0 1.5 1 3.25 0 0 0
0 0 0 1.5 1 3.75 0 0 0
0 0 0 1.5 1 4.25 0 0 0
0 0 0 1.5 1 4.75 0 0 0
0 0 0 1.5 1 5.25 0 0 0
0 0 0 1.5 1 5.75 0 0 0
0 0 0 1.5 1 6.25 0.0168188840667678 0.0168188829893778 0
0 0 0 1.5 1 6.75 5.08070451207891 5.0807042492261 0
0 0 0 1.5 1 7.25 1.1504764663126 1.15047643292868 0
0 0 0 1.5 1 7.75 0.0128974267526555 0.0128974261305007 0
0 0 0 1.5 1 8.25 3.46425806911989 3.46425781628226 0
0 0 0 1.5 1 8.75 0.634005138376327 0.634005015311077 0
0 0 0 1.5 1 9.25 0 0 0
0 0 0 1.5 1 9.75 0 0 0
0 0 0 1.5 1 10.25 6.95236722306523e-06 6.95236722306523e-06 0
0 0 0 1.5 1 10.75 0 0 0
0 0 0 1.5 1 11.25 0 0 0
0 0 0 1.5 1 11.75 0 0 0
0 0 0 1.5 1 12.25 0 0 0
0 0 0 1.5 1 12.75 0 0 0
0 0 0 1.5 1 13.25 0 0 0
0 0 0 1.5 1 13.75 0 0 0
0 0 0 1.5 1 14.25 0 0 0
0 0 0 1.5 1 14.75 0 0 0
0 0 0 1.5 1 15.25 0.416439583338391 0.416439554112291 0
0 0 0 1.5 1 15.75 0 0 0
0 0 0 1.5 1 16.25 0 0 0
0 0 0 1.5 1 16.75 0 0 0
0 0 0 1.5 1 17.25 0 0 0
0 0 0 1.5 1 17.75 0 0 0
0 0 0 1.5 1 18.25 0 0 0
0 0 0 1.5 1 18.75 0 0 0
0 0 0 1.5 1 19.25 0 0 0
0 0 0 1.5 1 19.75 0 0 0
0 0 0 1.5 1 20.25 0 0 0
0 0 0 1.5 1 20.75 0 0 0
0 0 0 1.5 1 21.25 0 0 0
0 0 0 1.5 1 21.75 0 0 0
0 0 0 1.5 1 22.25 0 0 0
0 0 0 1.5 1 22.75 0 0 0
0 0 0 1.5 1 23.25 0 0 0
0 0 0 1.5 1 23.75 4.4404248861912e-05 4.4404248861912e-05 0
0 0 0 1.5 1 24.25 0 0 0
0 0 0 1.5 1 24.75 0 0 0
0 0 0 1.5 1 25.25 0 0 0
0 0 0 1.5 1 25.75 0 0 0
0 0 0 1.5 1 26.25 0 0 0
0 0 0 1.5 1 26.75 0 0 0
0 0 0 1.5 1 27.25 0 0 0
0 0 0 1.5 1 27.75 0 0 0
0 0 0 1.5 1 28.25 0 0 0
0 0 0 1.5 1 28.75 0 0 0
0 0 0 1.5 1 29.25 0.00389409778452201 0.00389409760242793 0
0 0 0 1.5 1 29.75 0.145080594855842 0.145080584901366 0
0 0 0 1.5 1 30.25 2.13540681710167 2.13540667682853 0
0 0 0 1.5 1 30.75 0.278194795098634 0.278194787359636 0
0 0 0 1.5 1 31.25 0 0 0
0 0 0 1.5 1 31.75 0 0 0
0 0 0 1.5 1 32.25 0 0 0
0 0 0 1.5 1 32.75 0 0 0
0 0 0 1.5 1 33.25 0 0 0
0 0 0 1.5 1 33.75 0 0 0
0 0 0 1.5 1 34.25 0 0 0
0 0 0 1.5 1 34.75 0 0 0
0 0 0 1.5 1 35.25 0 0 0
0 0 0 1.5 1 35.75 0 0 0
0 0 0 1.5 1 36.25 0 0 0
0 0 0 1.5 1 36.75 0 0 0
0 0 0 1.5 1 37.25 0 0 0
0 0 0 1.5 1 37.75 0 0 0
0 0 0 1.5 1 38.25 0 0 0
0 0 0 1.5 1 38.75 0 0 0
0 0 0 1.5 1 39.25 0 0 0
0 0 0 1.5 1 39.75 0 0 0
0 0 0 1.5 1.1 -0.25 0 0 0
0 0 0 1.5 1.1 0.25 0 0 0
0 0 0 1.5 1.1 0.75 14.8319704748907 14.8319697124142 0
0 0 0 1.5 1.1 1.25 3.09369448141519 3.09369426246618 0
0 0 0 1.5 1.1 1.75 0 0 0
0 0 0 1.5 1.1 2.25 0 0 0
0 0 0 1.5 1.1 2.75 0 0 0
0 0 0 1.5 1.1 3.25 0 0 0
0 0 0 1.5 1.1 3.75 0 0 0
0 0 0 1.5 1.1 4.25 0 0 0
0 0 0 1.5 1.1 4.75 0 0 0
0 0 0 1.5 1.1 5.25 0 0 0
0 0 0 1.5 1.1 5.75 0 0 0
0 0 0 1.5 1.1 6.25 0.0174640811134235 0.0174640798855359 0
0 0 0 1.5 1.1 6.75 5.50763671653487 5.5076363969303 0
0 0 0 1.5 1.1 7.25 0.81110356019771 0.811103493381893 0
0 0 0 1.5 1.1 7.75 0.0126140854942768 0.0126140845681582 0
0 0 0 1.5 1.1 8.25 3.5493728946514 3.54937274276795 0
0 0 0 1.5 1.1 8.75 0.42032547326743 0.420325439510926 0
0 0 0 1.5 1.1 9.25 0 0 0
0 0 0 1.5 1.1 9.75 0 0 0
0 0 0 1.5 1.1 10.25 6.87802289281998e-06 6.87802289281998e-06 0
0 0 0 1.5 1.1 10.75 0 0 0
0 0 0 1.5 1.1 11.25 0 0 0
0 0 0 1.5 1.1 11.75 0 0 0
0 0 0 1.5 1.1 12.25 0 0 0
0 0 0 1.5 1.1 12.75 0 0 0
0 0 0 1.5 1.1 13.25 0 0 0
0 0 0 1.5 1.1 13.75 0 0 0
0 0 0 1.5 1.1 14.25 0 0 0
0 0 0 1.5 1.1 14.75 0 0 0
0 0 0 1.5 1.1 15.25 0.415480197294484 0.415480172299687 0
0 0 0 1.5 1.1 15.75 0 0 0
0 0 0 1.5 1.1 16.25 0 0 0
0 0 0 1.5 1.1 16.75 0 0 0
0 0 0 1.5 1.1 17.25 0 0 0
0 0 0 1.5 1.1 17.75 0 0 0
0 0 0 1.5 1.1 18.25 0 0 0
0 0 0 1.5 1.1 18.75 0 0 0
0 0 0 1.5 1.1 19.25 0 0 0
0 0 0 1.5 1.1 19.75 0 0 0
0 0 0 1.5 1.1 20.25 0 0 0
0 0 0 1.5 1.1 20.75 0 0 0
0 0 0 1.5 1.1 21.25 0 0 0
0 0 0 1.5 1.1 21.75 0 0 0
0 0 0 1.5 1.1 22.25 0 0 0
0 0 0 1.5 1.1 22.75 0 0 0
0 0 0 1.5 1.1 23.25 0 0 0
0 0 0 1.5 1.1 23.75 4.42379916753383e-05 4.42379916753383e-05 0
0 0 0 1.5 1.1 24.25 0 0 0
0 0 0 1.5 1.1 24.75 0 0 0
0 0 0 1.5 1.1 25.25 0 0 0
0 0 0 1.5 1.1 25.75 0 0 0
0 0 0 1.5 1.1 26.25 0 0 0
0 0 0 1.5 1.1 26.75 0 0 0
0 0 0 1.5 1.1 27.25 0 0 0
0 0 0 1.5 1.1 27.75 0 0 0
0 0 0 1.5 1.1 28.25 0 0 0
0 0 0 1.5 1.1 28.75 0 0 0
0 0 0 1.5 1.1 29.25 0.00391113926118626 0.00391113903225807 0
0 0 0 1.5 1.1 29.75 0.144817033309053 0.144817025088449 0
0 0 0 1.5 1.1 30.25 2.21141620212279 2.21141605360042 0
0 0 0 1.5 1.1 30.75 0.195614031383975 0.195614018272632 0
0 0 0 1.5 1.1 31.25 0 0 0
0 0 0 1.5 1.1 31.75 0 0 0
0 0 0 1.5 1.1 32.25 0 0 0
0 0 0 1.5 1.1 32.75 0 0 0
0 0 0 1.5 1.1 33.25 0 0 0
0 0 0 1.5 1.1 33.75 0 0 0
0 0 0 1.5 1.1 34.25 0 0 0
0 0 0 1.5 1.1 34.75 0 0 0
0 0 0 1.5 1.1 35.25 0 0 0
0 0 0 1.5 1.1 35.75 0 0 0
0 0 0 1.5 1.1 36.25 0 0 0
0 0 0 1.5 1.1 36.75 0 0 0
0 0 0 1.5 1.1 37.25 0 0 0
0 0 0 1.5 1.1 37.75 0 0 0
0 0 0 1.5 1.1 38.25 0 0 0
0 0 0 1.5 1.1 38.75 0 0 0
0 0 0 1.5 1.1 39.25 0 0 0
0 0 0 1.5 1.1 39.75 0 0 0
0 0 0 1.5 1.2 -0.25 0 0 0
0 0 0 1.5 1.2 0.25 0 0 0
0 0 0 1.5 1.2 0.75 15.3101961990081 15.3101950859588 0
0 0 0 1.5 1.2 1.25 2.63029759332844 2.63029749604703 0
0 0 0 1.5 1.2 1.75 0 0 0
0 0 0 1.5 1.2 2.25 0 0 0
0 0 0 1.5 1.2 2.75 0 0 0
0 0 0 1.5 1.2 3.25 0 0 0
0 0 0 1.5 1.2 3.75 0 0 0
0 0 0 1.5 1.2 4.25 0 0 0
0 0 0 1.5 1.2 4.75 0 0 0
0 0 0 1.5 1.2 5.25 0 0 0
0 0 0 1.5 1.2 5.75 0 0 0
0 0 0 1.5 1.2 6.25 0.0178076008817046 0.017807600014695 0
0 0 0 1.5 1.2 6.75 5.71276196077883 5.7127616663997 0
0 0 0 1.5 1.2 7.25 0.648383452483467 0.648383403240264 0
0 0 0 1.5 1.2 7.75 0.012495844570169 0.0124958439088905 0
0 0 0 1.5 1.2 8.25 3.53089332965467 3.53089313386481 0
0 0 0 1.5 1.2 8.75 0.384095671175607 0.384095651102131 0
0 0 0 1.5 1.2 9.25 0 0 0
0 0 0 1.5 1.2 9.75 0 0 0
0 0 0 1.5 1.2 10.25 6.85844966936071e-06 6.85844966936071e-06 0
0 0 0 1.5 1.2 10.75 0 0 0
0 0 0 1.5 1.2 11.25 0 0 0
0 0 0 1.5 1.2 11.75 0 0 0
0 0 0 1.5 1.2 12.25 0 0 0
0 0 0 1.5 1.2 12.75 0 0 0
0 0 0 1.5 1.2 13.25 0 0 0
0 0 0 1.5 1.2 13.75 0 0 0
0 0 0 1.5 1.2 14.25 0 0 0
0 0 0 1.5 1.2 14.75 0 0 0
0 0 0 1.5 1.2 15.25 0.415219892343866 0.415219873739899 0
0 0 0 1.5 1.2 15.75 0 0 0
0 0 0 1.5 1.2 16.25 0 0 0
0 0 0 1.5 1.2 16.75 0 0 0
0 0 0 1.5 1.2 17.25 0 0 0
0 0 0 1.5 1.2 17.75 0 0 0
0 0 0 1.5 1.2 18.25 0 0 0
0 0 0 1.5 1.2 18.75 0 0 0
0 0 0 1.5 1.2 19.25 0 0 0
0 0 0 1.5 1.2 19.75 0 0 0
0 0 0 1.5 1.2 20.25 0 0 0
0 0 0 1.5 1.2 20.75 0 0 0
0 0 0 1.5 1.2 21.25 0 0 0
0 0 0 1.5 1.2 21.75 0 0 0
0 0 0 1.5 1.2 22.25 0 0 0
0 0 0 1.5 1.2 22.75 0 0 0
0 0 0 1.5 1.2 23.25 0 0 0
0 0 0 1.5 1.2 23.75 4.41814327700222e-05 4.41814327700222e-05 0
0 0 0 1.5 1.2 24.25 0 0 0
0 0 0 1.5 1.2 24.75 0 0 0
0 0 0 1.5 1.2 25.25 0 0 0
0 0 0 1.5 1.2 25.75 0 0 0
0 0 0 1.5 1.2 26.25 0 0 0
0 0 0 1.5 1.2 26.75 0 0 0
0 0 0 1.5 1.2 27.25 0 0 0
0 0 0 1.5 1.2 27.75 0 0 0
0 0 0 1.5 1.2 28.25 0 0 0
0 0 0 1.5 1.2 28.75 0 0 0
0 0 0 1.5 1.2 29.25 0.00391600316678911 0.00391600300514327 0
0 0 0 1.5 1.2 29.75 0.144723886869949 0.144723879390154 0
0 0 0 1.5 1.2 30.25 2.23211923904482 2.23211907983836 0
0 0 0 1.5 1.2 30.75 0.172700284893461 0.172700268772961 0
0 0 0 1.5 1.2 31.25 0 0 0
0 0 0 1.5 1.2 31.75 0 0 0
0 0 0 1.5 1.2 32.25 0 0 0
0 0 0 1.5 1.2 32.75 0 0 0
0 0 0 1.5 1.2 33.25 0 0 0
0 0 0 1.5 1.2 33.75 0 0 0
0 0 0 1.5 1.2 34.25 0 0 0
0 0 0 1.5 1.2 34.75 0 0 0
0 0 0 1.5 1.2 35.25 0 0 0
0 0 0 1.5 1.2 35.75 0 0 0
0 0 0 1.5 1.2 36.25 0 0 0
0 0 0 1.5 1.2 36.75 0 0 0
0 0 0 1.5 1.2 37.25 0 0 0
0 0 0 1.5 1.2 37.75 0 0 0
0 0 0 1.5 1.2 38.25 0 0 0
0 0 0 1.5 1.2 38.75 0 0 0
0 0 0 1.5 1.2 39.25 0 0 0
0 0 0 1.5 1.2 39.75 0 0 0
0 0 0 1.5 1.3 -0.25 0 0 0
0 0 0 1.5 1.3 0.25 0 0 0
0 0 0 1.5 1.3 0.75 15.2523456123876 15.2523447831531 0
0 0 0 1.5 1.3 1.25 2.66746546110278 2.66746530906852 0
0 0 0 1.5 1.3 1.75 0 0 0
0 0 0 1.5 1.3 2.25 0 0 0
0 0 0 1.5 1.3 2.75 0 0 0
0 0 0 1.5 1.3 3.25 0 0 0
0 0 0 1.5 1.3 3.75 0 0 0
0 0 0 1.5 1.3 4.25 0 0 0
0 0 0 1.5 1.3 4.75 0 0 0
0 0 0 1.5 1.3 5.25 0 0 0
0 0 0 1.5 1.3 5.75 0 0 0
0 0 0 1.5 1.3 6.25 0.0178315821895075 0.0178315811027837 0
0 0 0 1.5 1.3 6.75 5.66598941991435 5.66598906077624 0
0 0 0 1.5 1.3 7.25 0.697678082655246 0.697678051686295 0
0 0 0 1.5 1.3 7.75 0.0125322871573876 0.0125322865738758 0
0 0 0 1.5 1.3 8.25 3.52244426149894 3.52244401176661 0
0 0 0 1.5 1.3 8.75 0.407722113538545 0.407722074753748 0
0 0 0 1.5 1.3 9.25 0 0 0
0 0 0 1.5 1.3 9.75 0 0 0
0 0 0 1.5 1.3 10.25 6.89479657387575e-06 6.89479657387575e-06 0
0 0 0 1.5 1.3 10.75 0 0 0
0 0 0 1.5 1.3 11.25 0 0 0
0 0 0 1.5 1.3 11.75 0 0 0
0 0 0 1.5 1.3 12.25 0 0 0
0 0 0 1.5 1.3 12.75 0 0 0
0 0 0 1.5 1.3 13.25 0 0 0
0 0 0 1.5 1.3 13.75 0 0 0
0 0 0 1.5 1.3 14.25 0 0 0
0 0 0 1.5 1.3 14.75 0 0 0
0 0 0 1.5 1.3 15.25 0.415701110214133 0.415701088399357 0
0 0 0 1.5 1.3 15.75 0 0 0
0 0 0 1.5 1.3 16.25 0 0 0
0 0 0 1.5 1.3 16.75 0 0 0
0 0 0 1.5 1.3 17.25 0 0 0
0 0 0 1.5 1.3 17.75 0 0 0
0 0 0 1.5 1.3 18.25 0 0 0
0 0 0 1.5 1.3 18.75 0 0 0
0 0 0 1.5 1.3 19.25 0 0 0
0 0 0 1.5 1.3 19.75 0 0 0
0 0 0 1.5 1.3 20.25 0 0 0
0 0 0 1.5 1.3 20.75 0 0 0
0 0 0 1.5 1.3 21.25 0 0 0
0 0 0 1.5 1.3 21.75 0 0 0
0 0 0 1.5 1.3 22.25 0 0 0
0 0 0 1.5 1.3 22.75 0 0 0
0 0 0 1.5 1.3 23.25 0 0 0
0 0 0 1.5 1.3 23.75 4.42392826552463e-05 4.42392826552463e-05 0
0 0 0 1.5 1.3 24.25 0 0 0
0 0 0 1.5 1.3 24.75 0 0 0
0 0 0 1.5 1.3 25.25 0 0 0
0 0 0 1.5 1.3 25.75 0 0 0
0 0 0 1.5 1.3 26.25 0 0 0
0 0 0 1.5 1.3 26.75 0 0 0
0 0 0 1.5 1.3 27.25 0 0 0
0 0 0 1.5 1.3 27.75 0 0 0
0 0 0 1.5 1.3 28.25 0 0 0
0 0 0 1.5 1.3 28.75 0 0 0
0 0 0 1.5 1.3 29.25 0.00390760968415418 0.00390760945931478 0
0 0 0 1.5 1.3 29.75 0.144798464362955 0.14479845850107 0
0 0 0 1.5 1.3 30.25 2.21602276762312 2.21602261736617 0
0 0 0 1.5 1.3 30.75 0.191098018752677 0.191098010123126 0
0 0 0 1.5 1.3 31.25 0 0 0
0 0 0 1.5 1.3 31.75 0 0 0
0 0 0 1.5 1.3 32.25 0 0 0
0 0 0 1.5 1.3 32.75 0 0 0
0 0 0 1.5 1.3 33.25 0 0 0
0 0 0 1.5 1.3 33.75 0 0 0
0 0 0 1.5 1.3 34.25 0 0 0
0 0 0 1.5 1.3 34.75 0 0 0
0 0 0 1.5 1.3 35.25 0 0 0
0 0 0 1.5 1.3 35.75 0 0 0
0 0 0 1.5 1.3 36.25 0 0 0
0 0 0 1.5 1.3 36.75 0 0 0
0 0 0 1.5 1.3 37.25 0 0 0
0 0 0 1.5 1.3 37.75 0 0 0
0 0 0 1.5 1.3 38.25 0 0 0
0 0 0 1.5 1.3 38.75 0 0 0
0 0 0 1.5 1.3 39.25 0 0 0
0 0 0 1.5 1.3 39.75 0 0 0
0 0 0 1.5 1.4 -0.25 0 0 0
0 0 0 1.5 1.4 0.25 0 0 0
0 0 0 1.5 1.4 0.75 14.5453107590116 14.5453099295377 0
0 0 0 1.5 1.4 1.25 3.33161020191312 3.33161003737346 0
0 0 0 1.5 1.4 1.75 0 0 0
0 0 0 1.5 1.4 2.25 0 0 0
0 0 0 1.5 1.4 2.75 0 0 0
0 0 0 1.5 1.4 3.25 0 0 0
0 0 0 1.5 1.4 3.75 0 0 0
0 0 0 1.5 1.4 4.25 0 0 0
0 0 0 1.5 1.4 4.75 0 0 0
0 0 0 1.5 1.4 5.25 0 0 0
0 0 0 1.5 1.4 5.75 0 0 0
0 0 0 1.5 1.4 6.25 0.0176308102949382 0.0176308091510562 0
0 0 0 1.5 1.4 6.75 5.44816621644481 5.44816589416502 0
0 0 0 1.5 1.4 7.25 0.888960770366679 0.888960716074132 0
0 0 0 1.5 1.4 7.75 0.0126741288919888 0.0126741281865285 0
0 0 0 1.5 1.4 8.25 3.51091090652053 3.51091069165006 0
0 0 0 1.5 1.4 8.75 0.482254967951375 0.482254936863292 0
0 0 0 1.5 1.4 9.25 0 0 0
0 0 0 1.5 1.4 9.75 0 0 0
0 0 0 1.5 1.4 10.25 6.96618971701869e-06 6.96618971701869e-06 0
0 0 0 1.5 1.4 10.75 0 0 0
0 0 0 1.5 1.4 11.25 0 0 0
0 0 0 1.5 1.4 11.75 0 0 0
0 0 0 1.5 1.4 12.25 0 0 0
0 0 0 1.5 1.4 12.75 0 0 0
0 0 0 1.5 1.4 13.25 0 0 0
0 0 0 1.5 1.4 13.75 0 0 0
0 0 0 1.5 1.4 14.25 0 0 0
0 0 0 1.5 1.4 14.75 0 0 0
0 0 0 1.5 1.4 15.25 0.416636716883221 0.416636692905541 0
0 0 0 1.5 1.4 15.75 0 0 0
0 0 0 1.5 1.4 16.25 0 0 0
0 0 0 1.5 1.4 16.75 0 0 0
0 0 0 1.5 1.4 17.25 0 0 0
0 0 0 1.5 1.4 17.75 0 0 0
0 0 0 1.5 1.4 18.25 0 0 0
0 0 0 1.5 1.4 18.75 0 0 0
0 0 0 1.5 1.4 19.25 0 0 0
0 0 0 1.5 1.4 19.75 0 0 0
0 0 0 1.5 1.4 20.25 0 0 0
0 0 0 1.5 1.4 20.75 0 0 0
0 0 0 1.5 1.4 21.25 0 0 0
0 0 0 1.5 1.4 21.75 0 0 0
0 0 0 1.5 1.4 22.25 0 0 0
0 0 0 1.5 1.4 22.75 0 0 0
0 0 0 1.5 1.4 23.25 0 0 0
0 0 0 1.5 1.4 23.75 4.43705579912315e-05 4.43705579912315e-05 0
0 0 0 1.5 1.4 24.25 0 0 0
0 0 0 1.5 1.4 24.75 0 0 0
0 0 0 1.5 1.4 25.25 0 0 0
0 0 0 1.5 1.4 25.75 0 0 0
0 0 0 1.5 1.4 26.25 0 0 0
0 0 0 1.5 1.4 26.75 0 0 0
0 0 0 1.5 1.4 27.25 0 0 0
0 0 0 1.5 1.4 27.75 0 0 0
0 0 0 1.5 1.4 28.25 0 0 0
0 0 0 1.5 1.4 28.75 0 0 0
0 0 0 1.5 1.4 29.25 0.00389114906735753 0.00389114882423278 0
0 0 0 1.5 1.4 29.75 0.144982946424871 0.144982938517338 0
0 0 0 1.5 1.4 30.25 2.18668919853727 2.18668908152252 0
0 0 0 1.5 1.4 30.75 0.22561172162216 0.225611704184934 0
0 0 0 1.5 1.4 31.25 0 0 0
0 0 0 1.5 1.4 31.75 0 0 0
0 0 0 1.5 1.4 32.25 0 0 0
0 0 0 1.5 1.4 32.75 0 0 0
0 0 0 1.5 1.4 33.25 0 0 0
0 0 0 1.5 1.4 33.75 0 0 0
0 0 0 1.5 1.4 34.25 0 0 0
0 0 0 1.5 1.4 34.75 0 0 0
0 0 0 1.5 1.4 35.25 0 0 0
0 0 0 1.5 1.4 35.75 0 0 0
0 0 0 1.5 1.4 36.25 0 0 0
0 0 0 1.5 1.4 36.75 0 0 0
0 0 0 1.5 1.4 37.25 0 0 0
0 0 0 1.5 1.4 37.75 0 0 0
0 0 0 1.5 1.4 38.25 0 0 0
0 0 0 1.5 1.4 38.75 0 0 0
0 0 0 1.5 1.4 39.25 0 0 0
0 0 0 1.5 1.4 39.75 0 0 0
0 0 0 1.5 1.5 -0.25 0 0 0
0 0 0 1.5 1.5 0.25 0 0 0
0 0 0 1.5 1.5 0.75 13.5637340950878 13.5637332444215 0
0 0 0 1.5 1.5 1.25 4.26618818957299 4.26618795852211 0
0 0 0 1.5 1.5 1.75 0 0 0
0 0 0 1.5 1.5 2.25 0 0 0
0 0 0 1.5 1.5 2.75 0 0 0
0 0 0 1.5 1.5 3.25 0 0 0
0 0 0 1.5 1.5 3.75 0 0 0
0 0 0 1.5 1.5 4.25 0 0 0
0 0 0 1.5 1.5 4.75 0 0 0
0 0 0 1.5 1.5 5.25 0 0 0
0 0 0 1.5 1.5 5.75 0 0 0
0 0 0 1.5 1.5 6.25 0.017363261302241 0.017363260272562 0
0 0 0 1.5 1.5 6.75 5.14426382271049 5.14426351793459 0
0 0 0 1.5 1.5 7.25 1.15387170870382 1.15387163806784 0
0 0 0 1.5 1.5 7.75 0.0128511539127801 0.0128511531829194 0
0 0 0 1.5 1.5 8.25 3.53092885019684 3.53092862868866 0
0 0 0 1.5 1.5 8.75 0.541136052074501 0.541136028570564 0
0 0 0 1.5 1.5 9.25 0 0 0
0 0 0 1.5 1.5 9.75 0 0 0
0 0 0 1.5 1.5 10.25 7.04483646274996e-06 7.04483646274996e-06 0
0 0 0 1.5 1.5 10.75 0 0 0
0 0 0 1.5 1.5 11.25 0 0 0
0 0 0 1.5 1.5 11.75 0 0 0
0 0 0 1.5 1.5 12.25 0 0 0
0 0 0 1.5 1.5 12.75 0 0 0
0 0 0 1.5 1.5 13.25 0 0 0
0 0 0 1.5 1.5 13.75 0 0 0
0 0 0 1.5 1.5 14.25 0 0 0
0 0 0 1.5 1.5 14.75 0 0 0
0 0 0 1.5 1.5 15.25 0.417642356471833 0.417642331741367 0
0 0 0 1.5 1.5 15.75 0 0 0
0 0 0 1.5 1.5 16.25 0 0 0
0 0 0 1.5 1.5 16.75 0 0 0
0 0 0 1.5 1.5 17.25 0 0 0
0 0 0 1.5 1.5 17.75 0 0 0
0 0 0 1.5 1.5 18.25 0 0 0
0 0 0 1.5 1.5 18.75 0 0 0
0 0 0 1.5 1.5 19.25 0 0 0
0 0 0 1.5 1.5 19.75 0 0 0
0 0 0 1.5 1.5 20.25 0 0 0
0 0 0 1.5 1.5 20.75 0 0 0
0 0 0 1.5 1.5 21.25 0 0 0
0 0 0 1.5 1.5 21.75 0 0 0
0 0 0 1.5 1.5 22.25 0 0 0
0 0 0 1.5 1.5 22.75 0 0 0
0 0 0 1.5 1.5 23.25 0 0 0
0 0 0 1.5 1.5 23.75 4.45173288915808e-05 4.45173288915808e-05 0
0 0 0 1.5 1.5 24.25 0 0 0
0 0 0 1.5 1.5 24.75 0 0 0
0 0 0 1.5 1.5 25.25 0 0 0
0 0 0 1.5 1.5 25.75 0 0 0
0 0 0 1.5 1.5 26.25 0 0 0
0 0 0 1.5 1.5 26.75 0 0 0
0 0 0 1.5 1.5 27.25 0 0 0
0 0 0 1.5 1.5 27.75 0 0 0
0 0 0 1.5 1.5 28.25 0 0 0
0 0 0 1.5 1.5 28.75 0 0 0
0 0 0 1.5 1.5 29.25 0.00387359226226528 0.00387359204118715 0
0 0 0 1.5 1.5 29.75 0.145196296441551 0.145196288385827 0
0 0 0 1.5 1.5 30.25 2.1583033488189 2.15830322278014 0
0 0 0 1.5 1.5 30.75 0.259790178849182 0.259790153794669 0
0 0 0 1.5 1.5 31.25 0 0 0
0 0 0 1.5 1.5 31.75 0 0 0
0 0 0 1.5 1.5 32.25 0 0 0
0 0 0 1.5 1.5 32.75 0 0 0
0 0 0 1.5 1.5 33.25 0 0 0
0 0 0 1.5 1.5 33.75 0 0 0
0 0 0 1.5 1.5 34.25 0 0 0
0 0 0 1.5 1.5 34.75 0 0 0
0 0 0 1.5 1.5 35.25 0 0 0
0 0 0 1.5 1.5 35.75 0 0 0
0 0 0 1.5 1.5 36.25 0 0 0
0 0 0 1.5 1.5 36.75 0 0 0
0 0 0 1.5 1.5 37.25 0 0 0
0 0 0 1.5 1.5 37.75 0 0 0
0 0 0 1.5 1.5 38.25 0 0 0
0 0 0 1.5 1.5 38.75 0 0 0
0 0 0 1.5 1.5 39.25 0 0 0
0 0 0 1.5 1.5 39.75 0 0 0
0 0 0 1.5 1.6 -0.25 0 0 0
0 0 0 1.5 1.6 0.25 0 0 0
0 0 0 1.5 1.6 0.75 12.6394058972571 12.6394051683992 0
0 0 0 1.5 1.6 1.25 5.15611736558388 5.15611711906387 0
0 0 0 1.5 1.6 1.75 0 0 0
0 0 0 1.5 1.6 2.25 0 0 0
0 0 0 1.5 1.6 2.75 0 0 0
0 0 0 1.5 1.6 3.25 0 0 0
0 0 0 1.5 1.6 3.75 0 0 0
0 0 0 1.5 1.6 4.25 0 0 0
0 0 0 1.5 1.6 4.75 0 0 0
0 0 0 1.5 1.6 5.25 0 0 0
0 0 0 1.5 1.6 5.75 0 0 0
0 0 0 1.5 1.6 6.25 0.0171076322419846 0.0171076313479991 0
0 0 0 1.5 1.6 6.75 4.91606331245726 4.91606304605661 0
0 0 0 1.5 1.6 7.25 1.34109912385444 1.34109904555816 0
0 0 0 1.5 1.6 7.75 0.0130083917552071 0.0130083908705827 0
0 0 0 1.5 1.6 8.25 3.46130997129885 3.46130975306342 0
0 0 0 1.5 1.6 8.75 0.680855184806928 0.680855135246899 0
0 0 0 1.5 1.6 9.25 0 0 0
0 0 0 1.5 1.6 9.75 0 0 0
0 0 0 1.5 1.6 10.25 7.10188860285533e-06 7.10188860285533e-06 0
0 0 0 1.5 1.6 10.75 0 0 0
0 0 0 1.5 1.6 11.25 0 0 0
0 0 0 1.5 1.6 11.75 0 0 0
0 0 0 1.5 1.6 12.25 0 0 0
0 0 0 1.5 1.6 12.75 0 0 0
0 0 0 1.5 1.6 13.25 0 0 0
0 0 0 1.5 1.6 13.75 0 0 0
0 0 0 1.5 1.6 14.25 0 0 0
0 0 0 1.5 1.6 14.75 0 0 0
0 0 0 1.5 1.6 15.25 0.41835347991575 0.418353451626491 0
0 0 0 1.5 1.6 15.75 0 0 0
0 0 0 1.5 1.6 16.25 0 0 0
0 0 0 1.5 1.6 16.75 0 0 0
0 0 0 1.5 1.6 17.25 0 0 0
0 0 0 1.5 1.6 17.75 0 0 0
0 0 0 1.5 1.6 18.25 0 0 0
0 0 0 1.5 1.6 18.75 0 0 0
0 0 0 1.5 1.6 19.25 0 0 0
0 0 0 1.5 1.6 19.75 0 0 0
0 0 0 1.5 1.6 20.25 0 0 0
0 0 0 1.5 1.6 20.75 0 0 0
0 0 0 1.5 1.6 21.25 0 0 0
0 0 0 1.5 1.6 21.75 0 0 0
0 0 0 1.5 1.6 22.25 0 0 0
0 0 0 1.5 1.6 22.75 0 0 0
0 0 0 1.5 1.6 23.25 0 0 0
0 0 0 1.5 1.6 23.75 4.46291809033467e-05 4.46291785630705e-05 0
0 0 0 1.5 1.6 24.25 0 0 0
0 0 0 1.5 1.6 24.75 0 0 0
0 0 0 1.5 1.6 25.25 0 0 0
0 0 0 1.5 1.6 25.75 0 0 0
0 0 0 1.5 1.6 26.25 0 0 0
0 0 0 1.5 1.6 26.75 0 0 0
0 0 0 1.5 1.6 27.25 0 0 0
0 0 0 1.5 1.6 27.75 0 0 0
0 0 0 1.5 1.6 28.25 0 0 0
0 0 0 1.5 1.6 28.75 0 0 0
0 0 0 1.5 1.6 29.25 0.00386131770886964 0.0038613174771823 0
0 0 0 1.5 1.6 29.75 0.145365940468056 0.145365932382402 0
0 0 0 1.5 1.6 30.25 2.09870153236603 2.09870142641704 0
0 0 0 1.5 1.6 30.75 0.323772709925112 0.323772682249006 0
0 0 0 1.5 1.6 31.25 0 0 0
0 0 0 1.5 1.6 31.75 0 0 0
0 0 0 1.5 1.6 32.25 0 0 0
0 0 0 1.5 1.6 32.75 0 0 0
0 0 0 1.5 1.6 33.25 0 0 0
0 0 0 1.5 1.6 33.75 0 0 0
0 0 0 1.5 1.6 34.25 0 0 0
0 0 0 1.5 1.6 34.75 0 0 0
0 0 0 1.5 1.6 35.25 0 0 0
0 0 0 1.5 1.6 35.75 0 0 0
0 0 0 1.5 1.6 36.25 0 0 0
0 0 0 1.5 1.6 36.75 0 0 0
0 0 0 1.5 1.6 37.25 0 0 0
0 0 0 1.5 1.6 37.75 0 0 0
0 0 0 1.5 1.6 38.25 0 0 0
0 0 0 1.5 1.6 38.75 0 0 0
0 0 0 1.5 1.6 39.25 0 0 0
0 0 0 1.5 1.6 39.75 0 0 0
0 0 0 1.5 1.7 -0.25 0 0 0
0 0 0 1.5 1.7 0.25 0 0 0
0 0 0 1.5 1.7 0.75 12.008586107913 12.0085853598972 0
0 0 0 1.5 1.7 1.25 5.77100104379772 5.77100071104626 0
0 0 0 1.5 1.7 1.75 0 0 0
0 0 0 1.5 1.7 2.25 0 0 0
0 0 0 1.5 1.7 2.75 0 0 0
0 0 0 1.5 1.7 3.25 0 0 0
0 0 0 1.5 1.7 3.75 0 0 0
0 0 0 1.5 1.7 4.25 0 0 0
0 0 0 1.5 1.7 4.75 0 0 0
0 0 0 1.5 1.7 5.25 0 0 0
0 0 0 1.5 1.7 5.75 0 0 0
0 0 0 1.5 1.7 6.25 0.0168907335462556 0.0168907324137299 0
0 0 0 1.5 1.7 6.75 4.67576043072503 4.6757601709765 0
0 0 0 1.5 1.7 7.25 1.54328608696035 1.5432859843337 0
0 0 0 1.5 1.7 7.75 0.0131238815546991 0.013123880660793 0
0 0 0 1.5 1.7 8.25 3.32402591082416 3.32402571352974 0
0 0 0 1.5 1.7 8.75 0.869597480611235 0.869597429886198 0
0 0 0 1.5 1.7 9.25 0 0 0
0 0 0 1.5 1.7 9.75 0 0 0
0 0 0 1.5 1.7 10.25 7.12695668135116e-06 7.12695668135116e-06 0
0 0 0 1.5 1.7 10.75 0 0 0
0 0 0 1.5 1.7 11.25 0 0 0
0 0 0 1.5 1.7 11.75 0 0 0
0 0 0 1.5 1.7 12.25 0 0 0
0 0 0 1.5 1.7 12.75 0 0 0
0 0 0 1.5 1.7 13.25 0 0 0
0 0 0 1.5 1.7 13.75 0 0 0
0 0 0 1.5 1.7 14.25 0 0 0
0 0 0 1.5 1.7 14.75 0 0 0
0 0 0 1.5 1.7 15.25 0.418647168850952 0.418647144025328 0
0 0 0 1.5 1.7 15.75 0 0 0
0 0 0 1.5 1.7 16.25 0 0 0
0 0 0 1.5 1.7 16.75 0 0 0
0 0 0 1.5 1.7 17.25 0 0 0
0 0 0 1.5 1.7 17.75 0 0 0
0 0 0 1.5 1.7 18.25 0 0 0
0 0 0 1.5 1.7 18.75 0 0 0
0 0 0 1.5 1.7 19.25 0 0 0
0 0 0 1.5 1.7 19.75 0 0 0
0 0 0 1.5 1.7 20.25 0 0 0
0 0 0 1.5 1.7 20.75 0 0 0
0 0 0 1.5 1.7 21.25 0 0 0
0 0 0 1.5 1.7 21.75 0 0 0
0 0 0 1.5 1.7 22.25 0 0 0
0 0 0 1.5 1.7 22.75 0 0 0
0 0 0 1.5 1.7 23.25 0 0 0
0 0 0 1.5 1.7 23.75 4.46870668135092e-05 4.46870613069013e-05 0
0 0 0 1.5 1.7 24.25 0 0 0
0 0 0 1.5 1.7 24.75 0 0 0
0 0 0 1.5 1.7 25.25 0 0 0
0 0 0 1.5 1.7 25.75 0 0 0
0 0 0 1.5 1.7 26.25 0 0 0
0 0 0 1.5 1.7 26.75 0 0 0
0 0 0 1.5 1.7 27.25 0 0 0
0 0 0 1.5 1.7 27.75 0 0 0
0 0 0 1.5 1.7 28.25 0 0 0
0 0 0 1.5 1.7 28.75 0 0 0
0 0 0 1.5 1.7 29.25 0.00385633523127755 0.00385633500367109 0
0 0 0 1.5 1.7 29.75 0.145463541765786 0.145463532325624 0
0 0 0 1.5 1.7 30.25 2.0029020116887 2.00290188939979 0
0 0 0 1.5 1.7 30.75 0.421822030468062 0.421821997088841 0
0 0 0 1.5 1.7 31.25 0 0 0
0 0 0 1.5 1.7 31.75 0 0 0
0 0 0 1.5 1.7 32.25 0 0 0
0 0 0 1.5 1.7 32.75 0 0 0
0 0 0 1.5 1.7 33.25 0 0 0
0 0 0 1.5 1.7 33.75 0 0 0
0 0 0 1.5 1.7 34.25 0 0 0
0 0 0 1.5 1.7 34.75 0 0 0
0 0 0 1.5 1.7 35.25 0 0 0
0 0 0 1.5 1.7 35.75 0 0 0
0 0 0 1.5 1.7 36.25 0 0 0
0 0 0 1.5 1.7 36.75 0 0 0
0 0 0 1.5 1.7 37.25 0 0 0
0 0 0 1.5 1.7 37.75 0 0 0
0 0 0 1.5 1.7 38.25 0 0 0
0 0 0 1.5 1.7 38.75 0 0 0
0 0 0 1.5 1.7 39.25 0 0 0
0 0 0 1.5 1.7 39.75 0 0 0
0 0 0 1.5 1.8 -0.25 0 0 0
0 0 0 1.5 1.8 0.25 0 0 0
0 0 0 1.5 1.8 0.75 11.2529994734504 11.2529987493141 0
0 0 0 1.5 1.8 1.25 6.52685904522011 6.52685867486177 0
0 0 0 1.5 1.8 1.75 0 0 0
0 0 0 1.5 1.8 2.25 0 0 0
0 0 0 1.5 1.8 2.75 0 0 0
0 0 0 1.5 1.8 3.25 0 0 0
0 0 0 1.5 1.8 3.75 0 0 0
0 0 0 1.5 1.8 4.25 0 0 0
0 0 0 1.5 1.8 4.75 0 0 0
0 0 0 1.5 1.8 5.25 0 0 0
0 0 0 1.5 1.8 5.75 0 0 0
0 0 0 1.5 1.8 6.25 0.0166830457861636 0.0166830448588563 0
0 0 0 1.5 1.8 6.75 4.47901253111306 4.47901228696943 0
0 0 0 1.5 1.8 7.25 1.70217011501682 1.70217003264297 0
0 0 0 1.5 1.8 7.75 0.0132072143981279 0.0132072136068451 0
0 0 0 1.5 1.8 8.25 3.22226266838234 3.22226246266199 0
0 0 0 1.5 1.8 8.75 1.00868299560333 1.00868294178002 0
0 0 0 1.5 1.8 9.25 0 0 0
0 0 0 1.5 1.8 9.75 0 0 0
0 0 0 1.5 1.8 10.25 7.12285505338623e-06 7.12285505338623e-06 0
0 0 0 1.5 1.8 10.75 0 0 0
0 0 0 1.5 1.8 11.25 0 0 0
0 0 0 1.5 1.8 11.75 0 0 0
0 0 0 1.5 1.8 12.25 0 0 0
0 0 0 1.5 1.8 12.75 0 0 0
0 0 0 1.5 1.8 13.25 0 0 0
0 0 0 1.5 1.8 13.75 0 0 0
0 0 0 1.5 1.8 14.25 0 0 0
0 0 0 1.5 1.8 14.75 0 0 0
0 0 0 1.5 1.8 15.25 0.418571799783528 0.418571775092874 0
0 0 0 1.5 1.8 15.75 0 0 0
0 0 0 1.5 1.8 16.25 0 0 0
0 0 0 1.5 1.8 16.75 0 0 0
0 0 0 1.5 1.8 17.25 0 0 0
0 0 0 1.5 1.8 17.75 0 0 0
0 0 0 1.5 1.8 18.25 0 0 0
0 0 0 1.5 1.8 18.75 0 0 0
0 0 0 1.5 1.8 19.25 0 0 0
0 0 0 1.5 1.8 19.75 0 0 0
0 0 0 1.5 1.8 20.25 0 0 0
0 0 0 1.5 1.8 20.75 0 0 0
0 0 0 1.5 1.8 21.25 0 0 0
0 0 0 1.5 1.8 21.75 0 0 0
0 0 0 1.5 1.8 22.25 0 0 0
0 0 0 1.5 1.8 22.75 0 0 0
0 0 0 1.5 1.8 23.25 0 0 0
0 0 0 1.5 1.8 23.75 4.46985593096381e-05 4.46985563843785e-05 0
0 0 0 1.5 1.8 24.25 0 0 0
0 0 0 1.5 1.8 24.75 0 0 0
0 0 0 1.5 1.8 25.25 0 0 0
0 0 0 1.5 1.8 25.75 0 0 0
0 0 0 1.5 1.8 26.25 0 0 0
0 0 0 1.5 1.8 26.75 0 0 0
0 0 0 1.5 1.8 27.25 0 0 0
0 0 0 1.5 1.8 27.75 0 0 0
0 0 0 1.5 1.8 28.25 0 0 0
0 0 0 1.5 1.8 28.75 0 0 0
0 0 0 1.5 1.8 29.25 0.00385773526400469 0.00385773506362441 0
0 0 0 1.5 1.8 29.75 0.145499289129735 0.145499280111159 0
0 0 0 1.5 1.8 30.25 1.9344269756399 1.93442685399444 0
0 0 0 1.5 1.8 30.75 0.490706697137634 0.490706674989031 0
0 0 0 1.5 1.8 31.25 0 0 0
0 0 0 1.5 1.8 31.75 0 0 0
0 0 0 1.5 1.8 32.25 0 0 0
0 0 0 1.5 1.8 32.75 0 0 0
0 0 0 1.5 1.8 33.25 0 0 0
0 0 0 1.5 1.8 33.75 0 0 0
0 0 0 1.5 1.8 34.25 0 0 0
0 0 0 1.5 1.8 34.75 0 0 0
0 0 0 1.5 1.8 35.25 0 0 0
0 0 0 1.5 1.8 35.75 0 0 0
0 0 0 1.5 1.8 36.25 0 0 0
0 0 0 1.5 1.8 36.75 0 0 0
0 0 0 1.5 1.8 37.25 0 0 0
0 0 0 1.5 1.8 37.75 0 0 0
0 0 0 1.5 1.8 38.25 0 0 0
0 0 0 1.5 1.8 38.75 0 0 0
0 0 0 1.5 1.8 39.25 0 0 0
0 0 0 1.5 1.8 39.75 0 0 0
0 0 0 1.5 1.9 -0.25 0 0 0
0 0 0 1.5 1.9 0.25 0 0 0
0 0 0 1.5 1.9 0.75 10.5971462690844 10.5971456865461 0
0 0 0 1.5 1.9 1.25 7.19166869782817 7.19166840053498 0
0 0 0 1.5 1.9 1.75 0 0 0
0 0 0 1.5 1.9 2.25 0 0 0
0 0 0 1.5 1.9 2.75 0 0 0
0 0 0 1.5 1.9 3.25 0 0 0
0 0 0 1.5 1.9 3.75 0 0 0
0 0 0 1.5 1.9 4.25 0 0 0
0 0 0 1.5 1.9 4.75 0 0 0
0 0 0 1.5 1.9 5.25 0 0 0
0 0 0 1.5 1.9 5.75 0 0 0
0 0 0 1.5 1.9 6.25 0.0164490941020503 0.016449093001414 0
0 0 0 1.5 1.9 6.75 4.21524485170045 4.21524462510488 0
0 0 0 1.5 1.9 7.25 1.92541694006363 1.92541681727786 0
0 0 0 1.5 1.9 7.75 0.013278968201744 0.0132789673674287 0
0 0 0 1.5 1.9 8.25 3.11850791090032 3.1185077418183 0
0 0 0 1.5 1.9 8.75 1.14494872443672 1.14494866090738 0
0 0 0 1.5 1.9 9.25 0 0 0
0 0 0 1.5 1.9 9.75 0 0 0
0 0 0 1.5 1.9 10.25 7.10300730615167e-06 7.10300612774017e-06 0
0 0 0 1.5 1.9 10.75 0 0 0
0 0 0 1.5 1.9 11.25 0 0 0
0 0 0 1.5 1.9 11.75 0 0 0
0 0 0 1.5 1.9 12.25 0 0 0
0 0 0 1.5 1.9 12.75 0 0 0
0 0 0 1.5 1.9 13.25 0 0 0
0 0 0 1.5 1.9 13.75 0 0 0
0 0 0 1.5 1.9 14.25 0 0 0
0 0 0 1.5 1.9 14.75 0 0 0
0 0 0 1.5 1.9 15.25 0.418293300337026 0.418293275417158 0
0 0 0 1.5 1.9 15.75 0 0 0
0 0 0 1.5 1.9 16.25 0 0 0
0 0 0 1.5 1.9 16.75 0 0 0
0 0 0 1.5 1.9 17.25 0 0 0
0 0 0 1.5 1.9 17.75 0 0 0
0 0 0 1.5 1.9 18.25 0 0 0
0 0 0 1.5 1.9 18.75 0 0 0
0 0 0 1.5 1.9 19.25 0 0 0
0 0 0 1.5 1.9 19.75 0 0 0
0 0 0 1.5 1.9 20.25 0 0 0
0 0 0 1.5 1.9 20.75 0 0 0
0 0 0 1.5 1.9 21.25 0 0 0
0 0 0 1.5 1.9 21.75 0 0 0
0 0 0 1.5 1.9 22.25 0 0 0
0 0 0 1.5 1.9 22.75 0 0 0
0 0 0 1.5 1.9 23.25 0 0 0
0 0 0 1.5 1.9 23.75 4.46860994579308e-05 4.46860982795193e-05 0
0 0 0 1.5 1.9 24.25 0 0 0
0 0 0 1.5 1.9 24.75 0 0 0
0 0 0 1.5 1.9 25.25 0 0 0
0 0 0 1.5 1.9 25.75 0 0 0
0 0 0 1.5 1.9 26.25 0 0 0
0 0 0 1.5 1.9 26.75 0 0 0
0 0 0 1.5 1.9 27.25 0 0 0
0 0 0 1.5 1.9 27.75 0 0 0
0 0 0 1.5 1.9 28.25 0 0 0
0 0 0 1.5 1.9 28.75 0 0 0
0 0 0 1.5 1.9 29.25 0.00386264484209288 0.0038626446181947 0
0 0 0 1.5 1.9 29.75 0.145504575656376 0.145504567743343 0
0 0 0 1.5 1.9 30.25 1.87442224721777 1.87442215474664 0
0 0 0 1.5 1.9 30.75 0.5501695008897 0.550169478658966 0
0 0 0 1.5 1.9 31.25 0 0 0
0 0 0 1.5 1.9 31.75 0 0 0
0 0 0 1.5 1.9 32.25 0 0 0
0 0 0 1.5 1.9 32.75 0 0 0
0 0 0 1.5 1.9 33.25 0 0 0
0 0 0 1.5 1.9 33.75 0 0 0
0 0 0 1.5 1.9 34.25 0 0 0
0 0 0 1.5 1.9 34.75 0 0 0
0 0 0 1.5 1.9 35.25 0 0 0
0 0 0 1.5 1.9 35.75 0 0 0
0 0 0 1.5 1.9 36.25 0 0 0
0 0 0 1.5 1.9 36.75 0 0 0
0 0 0 1.5 1.9 37.25 0 0 0
0 0 0 1.5 1.9 37.75 0 0 0
0 0 0 1.5 1.9 38.25 0 0 0
0 0 0 1.5 1.9 38.75 0 0 0
0 0 0 1.5 1.9 39.25 0 0 0
0 0 0 1.5 1.9 39.75 0 0 0
0 0 0 1.5 2 -0.25 0.806240936618013 0.809755658762243 0
0 0 0 1.5 2 0.25 4.25570350481468 4.27425669659016 0
0 0 0 1.5 2 0.75 5.86994393856347 5.8813228093835 0
0 0 0 1.5 2 1.25 3.02437994346555 3.02852514018244 0
0 0 0 1.5 2 1.75 0 0 0
0 0 0 1.5 2 2.25 0 0 0
0 0 0 1.5 2 2.75 0 0 0
0 0 0 1.5 2 3.25 0 0 0
0 0 0 1.5 2 3.75 0 0 0
0 0 0 1.5 2 4.25 0 0 0
0 0 0 1.5 2 4.75 0 0 0
0 0 0 1.5 2 5.25 0 0 0
0 0 0 1.5 2 5.75 0 0 0
0 0 0 1.5 2 6.25 0.00885785867005956 0.00887405218455933 0
0 0 0 1.5 2 6.75 3.16592862445075 3.17377275038122 0
0 0 0 1.5 2 7.25 1.61911617696755 1.62350490608509 0
0 0 0 1.5 2 7.75 0.0105992573026695 0.0106273971010178 0
0 0 0 1.5 2 8.25 2.2901115994949 2.29564090269251 0
0 0 0 1.5 2 8.75 0.998015395029772 1.00055450311216 0
0 0 0 1.5 2 9.25 0 0 0
0 0 0 1.5 2 9.75 0 0 0
0 0 0 1.5 2 10.25 5.75025830612683e-06 5.76820722104908e-06 0
0 0 0 1.5 2 10.75 0 0 0
0 0 0 1.5 2 11.25 0.650790002781832 0.653818196762052 0
0 0 0 1.5 2 11.75 2.1980248772393 2.20825335826482 0
0 0 0 1.5 2 12.25 0 0 0
0 0 0 1.5 2 12.75 0 0 0
0 0 0 1.5 2 13.25 0 0 0
0 0 0 1.5 2 13.75 3.33412089494906e-05 3.34982417898979e-05 0
0 0 0 1.5 2 14.25 0 0 0
0 0 0 1.5 2 14.75 0 0 0
0 0 0 1.5 2 15.25 0.319038171754369 0.319989734668715 0
0 0 0 1.5 2 15.75 0 0 0
0 0 0 1.5 2 16.25 0.00232637178509699 0.00233692625600154 0
0 0 0 1.5 2 16.75 0 0 0
0 0 0 1.5 2 17.25 0.1803592818744 0.181051450025927 0
0 0 0 1.5 2 17.75 0 0 0
0 0 0 1.5 2 18.25 0 0 0
0 0 0 1.5 2 18.75 0 0 0
0 0 0 1.5 2 19.25 0 0 0
0 0 0 1.5 2 19.75 0 0 0
0 0 0 1.5 2 20.25 0 0 0
0 0 0 1.5 2 20.75 0 0 0
0 0 0 1.5 2 21.25 0 0 0
0 0 0 1.5 2 21.75 0 0 0
0 0 0 1.5 2 22.25 0 0 0
0 0 0 1.5 2 22.75 0 0 0
0 0 0 1.5 2 23.25 0 0 0
0 0 0 1.5 2 23.75 3.15681150374492e-05 3.16567255617431e-05 0
0 0 0 1.5 2 24.25 0 0 0
0 0 0 1.5 2 24.75 0 0 0
0 0 0 1.5 2 25.25 0.0234361483080469 0.0235418656193587 0
0 0 0 1.5 2 25.75 0 0 0
0 0 0 1.5 2 26.25 0 0 0
0 0 0 1.5 2 26.75 0 0 0
0 0 0 1.5 2 27.25 0 0 0
0 0 0 1.5 2 27.75 0 0 0
0 0 0 1.5 2 28.25 0 0 0
0 0 0 1.5 2 28.75 0 0 0
0 0 0 1.5 2 29.25 0.00278852627424672 0.00279537453620176 0
0 0 0 1.5 2 29.75 0.0583350535807569 0.0583689217082769 0
0 0 0 1.5 2 30.25 1.52286448188304 1.5273215900941 0
0 0 0 1.5 2 30.75 0.506408316067791 0.5079793078068 0
0 0 0 1.5 2 31.25 0 0 0
0 0 0 1.5 2 31.75 0.22352710441905 0.224551455129633 0
0 0 0 1.5 2 32.25 0 0 0
0 0 0 1.5 2 32.75 0 0 0
0 0 0 1.5 2 33.25 0 0 0
0 0 0 1.5 2 33.75 0 0 0
0 0 0 1.5 2 34.25 0 0 0
0 0 0 1.5 2 34.75 0 0 0
0 0 0 1.5 2 35.25 0 0 0
0 0 0 1.5 2 35.75 0 0 0
0 0 0 1.5 2 36.25 0 0 0
0 0 0 1.5 2 36.75 0 0 0
0 0 0 1.5 2 37.25 0 0 0
0 0 0 1.5 2 37.75 0 0 0
0 0 0 1.5 2 38.25 0 0 0
0 0 0 1.5 2 38.75 0 0 0
0 0 0 1.5 2 39.25 0 0 0
0 0 0 1.5 2 39.75 0 0 0
0 0 0 1.5 2.1 -0.25 1.11845786449064 1.12333395515846 0
0 0 0 1.5 2.1 0.25 5.97691258674311 6.00297078861536 0
0 0 0 1.5 2.1 0.75 3.92881255558837 3.94686462346879 0
0 0 0 1.5 2.1 1.25 1.18248610686003 1.18833688620327 0
0 0 0 1.5 2.1 1.75 0 0 0
0 0 0 1.5 2.1 2.25 0 0 0
0 0 0 1.5 2.1 2.75 0 0 0
0 0 0 1.5 2.1 3.25 0 0 0
0 0 0 1.5 2.1 3.75 0 0 0
0 0 0 1.5 2.1 4.25 0 0 0
0 0 0 1.5 2.1 4.75 0 0 0
0 0 0 1.5 2.1 5.25 0 0 0
0 0 0 1.5 2.1 5.75 0 0 0
0 0 0 1.5 2.1 6.25 0.00536974936852922 0.0053931197557892 0
0 0 0 1.5 2.1 6.75 2.6650321620983 2.67640436843908 0
0 0 0 1.5 2.1 7.25 1.49484253485419 1.5012373855876 0
0 0 0 1.5 2.1 7.75 0.00940886778155372 0.00944992903105977 0
0 0 0 1.5 2.1 8.25 1.8954405420027 1.90324586106534 0
0 0 0 1.5 2.1 8.75 0.961606826668774 0.965582910790326 0
0 0 0 1.5 2.1 9.25 0 0 0
0 0 0 1.5 2.1 9.75 0 0 0
0 0 0 1.5 2.1 10.25 5.12840354066268e-06 5.15435865012294e-06 0
0 0 0 1.5 2.1 10.75 0 0 0
0 0 0 1.5 2.1 11.25 0.940209627979135 0.944584966518619 0
0 0 0 1.5 2.1 11.75 3.20009014182091 3.21498258662928 0
0 0 0 1.5 2.1 12.25 0 0 0
0 0 0 1.5 2.1 12.75 0 0 0
0 0 0 1.5 2.1 13.25 0 0 0
0 0 0 1.5 2.1 13.75 4.85414715877655e-05 4.87701035327584e-05 0
0 0 0 1.5 2.1 14.25 0 0 0
0 0 0 1.5 2.1 14.75 0 0 0
0 0 0 1.5 2.1 15.25 0.273594905327593 0.274978803312257 0
0 0 0 1.5 2.1 15.75 0 0 0
0 0 0 1.5 2.1 16.25 0.00338103166284679 0.00339637087410102 0
0 0 0 1.5 2.1 16.75 0 0 0
0 0 0 1.5 2.1 17.25 0.262311542163125 0.263318033122578 0
0 0 0 1.5 2.1 17.75 0 0 0
0 0 0 1.5 2.1 18.25 0 0 0
0 0 0 1.5 2.1 18.75 0 0 0
0 0 0 1.5 2.1 19.25 0 0 0
0 0 0 1.5 2.1 19.75 0 0 0
0 0 0 1.5 2.1 20.25 0 0 0
0 0 0 1.5 2.1 20.75 0 0 0
0 0 0 1.5 2.1 21.25 0 0 0
0 0 0 1.5 2.1 21.75 0 0 0
0 0 0 1.5 2.1 22.25 0 0 0
0 0 0 1.5 2.1 22.75 0 0 0
0 0 0 1.5 2.1 23.25 0 0 0
0 0 0 1.5 2.1 23.75 2.55858484153948e-05 2.57147972812765e-05 0
0 0 0 1.5 2.1 24.25 0 0 0
0 0 0 1.5 2.1 24.75 0 0 0
0 0 0 1.5 2.1 25.25 0.0341087197328696 0.0342625843815698 0
0 0 0 1.5 2.1 25.75 0 0 0
0 0 0 1.5 2.1 26.25 0 0 0
0 0 0 1.5 2.1 26.75 0 0 0
0 0 0 1.5 2.1 27.25 0 0 0
0 0 0 1.5 2.1 27.75 0 0 0
0 0 0 1.5 2.1 28.25 0 0 0
0 0 0 1.5 2.1 28.75 0 0 0
0 0 0 1.5 2.1 29.25 0.00229958405595561 0.00230959524539686 0
0 0 0 1.5 2.1 29.75 0.01860952954003 0.0186590557899314 0
0 0 0 1.5 2.1 30.25 1.32629514853077 1.33258859136173 0
0 0 0 1.5 2.1 30.75 0.522692732713979 0.525173646820523 0
0 0 0 1.5 2.1 31.25 0 0 0
0 0 0 1.5 2.1 31.75 0.325516845780448 0.327008556185098 0
0 0 0 1.5 2.1 32.25 0 0 0
0 0 0 1.5 2.1 32.75 0 0 0
0 0 0 1.5 2.1 33.25 0 0 0
0 0 0 1.5 2.1 33.75 0 0 0
0 0 0 1.5 2.1 34.25 0 0 0
0 0 0 1.5 2.1 34.75 0 0 0
0 0 0 1.5 2.1 35.25 0 0 0
0 0 0 1.5 2.1 35.75 0 0 0
0 0 0 1.5 2.1 36.25 0 0 0
0 0 0 1.5 2.1 36.75 0 0 0
0 0 0 1.5 2.1 37.25 0 0 0
0 0 0 1.5 2.1 37.75 0 0 0
0 0 0 1.5 2.1 38.25 0 0 0
0 0 0 1.5 2.1 38.75 0 0 0
0 0 0 1.5 2.1 39.25 0 0 0
0 0 0 1.5 2.1 39.75 0 0 0
0 0 0 1.5 2.2 -0.25 1.01540899235514 1.01983592132095 0
0 0 0 1.5 2.2 0.25 5.89568711191159 5.92139172814876 0
0 0 0 1.5 2.2 0.75 4.11848417028087 4.13736483219568 0
0 0 0 1.5 2.2 1.25 1.18078314054335 1.18662534756742 0
0 0 0 1.5 2.2 1.75 0 0 0
0 0 0 1.5 2.2 2.25 0 0 0
0 0 0 1.5 2.2 2.75 0 0 0
0 0 0 1.5 2.2 3.25 0 0 0
0 0 0 1.5 2.2 3.75 0 0 0
0 0 0 1.5 2.2 4.25 0 0 0
0 0 0 1.5 2.2 4.75 0 0 0
0 0 0 1.5 2.2 5.25 0 0 0
0 0 0 1.5 2.2 5.75 0 0 0
0 0 0 1.5 2.2 6.25 0.00529715726294371 0.00532020921845263 0
0 0 0 1.5 2.2 6.75 2.61439855964039 2.62555432961547 0
0 0 0 1.5 2.2 7.25 1.53099759037668 1.53754737808714 0
0 0 0 1.5 2.2 7.75 0.00943777181901689 0.00947896098891005 0
0 0 0 1.5 2.2 8.25 1.83415829210382 1.84171099470309 0
0 0 0 1.5 2.2 8.75 1.03520365419187 1.0394841135606 0
0 0 0 1.5 2.2 9.25 0 0 0
0 0 0 1.5 2.2 9.75 0 0 0
0 0 0 1.5 2.2 10.25 5.11515781875491e-06 5.14092000787491e-06 0
0 0 0 1.5 2.2 10.75 0 0 0
0 0 0 1.5 2.2 11.25 0.893492176691387 0.89765042089704 0
0 0 0 1.5 2.2 11.75 3.24298966226592 3.25808208614017 0
0 0 0 1.5 2.2 12.25 0 0 0
0 0 0 1.5 2.2 12.75 0 0 0
0 0 0 1.5 2.2 13.25 0 0 0
0 0 0 1.5 2.2 13.75 4.86317593017917e-05 4.88608123892644e-05 0
0 0 0 1.5 2.2 14.25 0 0 0
0 0 0 1.5 2.2 14.75 0 0 0
0 0 0 1.5 2.2 15.25 0.273361103783058 0.274743899089181 0
0 0 0 1.5 2.2 15.75 0 0 0
0 0 0 1.5 2.2 16.25 0.0033788168698734 0.00339414624253562 0
0 0 0 1.5 2.2 16.75 0 0 0
0 0 0 1.5 2.2 17.25 0.262319446908589 0.263325932184527 0
0 0 0 1.5 2.2 17.75 0 0 0
0 0 0 1.5 2.2 18.25 0 0 0
0 0 0 1.5 2.2 18.75 0 0 0
0 0 0 1.5 2.2 19.25 0 0 0
0 0 0 1.5 2.2 19.75 0 0 0
0 0 0 1.5 2.2 20.25 0 0 0
0 0 0 1.5 2.2 20.75 0 0 0
0 0 0 1.5 2.2 21.25 0 0 0
0 0 0 1.5 2.2 21.75 0 0 0
0 0 0 1.5 2.2 22.25 0 0 0
0 0 0 1.5 2.2 22.75 0 0 0
0 0 0 1.5 2.2 23.25 0 0 0
0 0 0 1.5 2.2 23.75 2.55692342017184e-05 2.5698231511253e-05 0
0 0 0 1.5 2.2 24.25 0 0 0
0 0 0 1.5 2.2 24.75 0 0 0
0 0 0 1.5 2.2 25.25 0.034109059685019 0.0342629285340245 0
0 0 0 1.5 2.2 25.75 0 0 0
0 0 0 1.5 2.2 26.25 0 0 0
0 0 0 1.5 2.2 26.75 0 0 0
0 0 0 1.5 2.2 27.25 0 0 0
0 0 0 1.5 2.2 27.75 0 0 0
0 0 0 1.5 2.2 28.25 0 0 0
0 0 0 1.5 2.2 28.75 0 0 0
0 0 0 1.5 2.2 29.25 0.00230341033991799 0.00231343786075269 0
0 0 0 1.5 2.2 29.75 0.0186268070332699 0.0186764258849005 0
0 0 0 1.5 2.2 30.25 1.28767604725114 1.29378639353238 0
0 0 0 1.5 2.2 30.75 0.560830535453775 0.563492524323769 0
0 0 0 1.5 2.2 31.25 0 0 0
0 0 0 1.5 2.2 31.75 0.325604880070215 0.32709697711464 0
0 0 0 1.5 2.2 32.25 0 0 0
0 0 0 1.5 2.2 32.75 0 0 0
0 0 0 1.5 2.2 33.25 0 0 0
0 0 0 1.5 2.2 33.75 0 0 0
0 0 0 1.5 2.2 34.25 0 0 0
0 0 0 1.5 2.2 34.75 0 0 0
0 0 0 1.5 2.2 35.25 0 0 0
0 0 0 1.5 2.2 35.75 0 0 0
0 0 0 1.5 2.2 36.25 0 0 0
0 0 0 1.5 2.2 36.75 0 0 0
0 0 0 1.5 2.2 37.25 0 0 0
0 0 0 1.5 2.2 37.75 0 0 0
0 0 0 1.5 2.2 38.25 0 0 0
0 0 0 1.5 2.2 38.75 0 0 0
0 0 0 1.5 2.2 39.25 0 0 0
0 0 0 1.5 2.2 39.75 0 0 0
0 0 0 1.5 2.3 -0.25 0.847107717584481 0.851849225486014 0
0 0 0 1.5 2.3 0.25 5.28255577296175 5.31148511665693 0
0 0 0 1.5 2.3 0.75 7.03442073452724 7.07529809881142 0
0 0 0 1.5 2.3 1.25 3.47424187015385 3.49514279406505 0
0 0 0 1.5 2.3 1.75 0 0 0
0 0 0 1.5 2.3 2.25 0 0 0
0 0 0 1.5 2.3 2.75 0 0 0
0 0 0 1.5 2.3 3.25 0 0 0
0 0 0 1.5 2.3 3.75 0 0 0
0 0 0 1.5 2.3 4.25 0 0 0
0 0 0 1.5 2.3 4.75 0 0 0
0 0 0 1.5 2.3 5.25 0 0 0
0 0 0 1.5 2.3 5.75 0 0 0
0 0 0 1.5 2.3 6.25 0.00562882881092361 0.00565940181658333 0
0 0 0 1.5 2.3 6.75 1.06727185047364 1.07240900931314 0
0 0 0 1.5 2.3 7.25 0.71944581268916 0.722852104308476 0
0 0 0 1.5 2.3 7.75 0.0040718534567833 0.00408981432111654 0
0 0 0 1.5 2.3 8.25 0.782613142240771 0.786108182899058 0
0 0 0 1.5 2.3 8.75 0.519476125753064 0.521772633932082 0
0 0 0 1.5 2.3 9.25 0 0 0
0 0 0 1.5 2.3 9.75 0 0 0
0 0 0 1.5 2.3 10.25 2.93855211824895e-06 2.95151876476797e-06 0
0 0 0 1.5 2.3 10.75 0 0 0
0 0 0 1.5 2.3 11.25 0.77654805448706 0.780812259434587 0
0 0 0 1.5 2.3 11.75 2.93125590365626 2.94693409673937 0
0 0 0 1.5 2.3 12.25 0 0 0
0 0 0 1.5 2.3 12.75 0 0 0
0 0 0 1.5 2.3 13.25 0 0 0
0 0 0 1.5 2.3 13.75 4.36283614484318e-05 4.38603170503886e-05 0
0 0 0 1.5 2.3 14.25 0 0 0
0 0 0 1.5 2.3 14.75 0 0 0
0 0 0 1.5 2.3 15.25 0.193438618484534 0.194371668501017 0
0 0 0 1.5 2.3 15.75 0 0 0
0 0 0 1.5 2.3 16.25 0.0030287491406121 0.00304467044507939 0
0 0 0 1.5 2.3 16.75 0 0 0
0 0 0 1.5 2.3 17.25 0.235210847307547 0.236520470341229 0
0 0 0 1.5 2.3 17.75 0 0 0
0 0 0 1.5 2.3 18.25 0 0 0
0 0 0 1.5 2.3 18.75 0 0 0
0 0 0 1.5 2.3 19.25 0 0 0
0 0 0 1.5 2.3 19.75 0 0 0
0 0 0 1.5 2.3 20.25 0 0 0
0 0 0 1.5 2.3 20.75 0 0 0
0 0 0 1.5 2.3 21.25 0 0 0
0 0 0 1.5 2.3 21.75 0 0 0
0 0 0 1.5 2.3 22.25 0 0 0
0 0 0 1.5 2.3 22.75 0 0 0
0 0 0 1.5 2.3 23.25 0 0 0
0 0 0 1.5 2.3 23.75 1.3435696466838e-05 1.35135078850479e-05 0
0 0 0 1.5 2.3 24.25 0 0 0
0 0 0 1.5 2.3 24.75 0 0 0
0 0 0 1.5 2.3 25.25 0.030591486495412 0.0307843131666574 0
0 0 0 1.5 2.3 25.75 0 0 0
0 0 0 1.5 2.3 26.25 0 0 0
0 0 0 1.5 2.3 26.75 0 0 0
0 0 0 1.5 2.3 27.25 0 0 0
0 0 0 1.5 2.3 27.75 0 0 0
0 0 0 1.5 2.3 28.25 0 0 0
0 0 0 1.5 2.3 28.75 0 0 0
0 0 0 1.5 2.3 29.25 0.00191342196769113 0.00192394291060008 0
0 0 0 1.5 2.3 29.75 0.0704695358492229 0.0707802801131938 0
0 0 0 1.5 2.3 30.25 0.518920373336995 0.52168575936645 0
0 0 0 1.5 2.3 30.75 0.26717271012088 0.268559719731298 0
0 0 0 1.5 2.3 31.25 0 0 0
0 0 0 1.5 2.3 31.75 0.292090059084561 0.29365868203418 0
0 0 0 1.5 2.3 32.25 0 0 0
0 0 0 1.5 2.3 32.75 0 0 0
0 0 0 1.5 2.3 33.25 0 0 0
0 0 0 1.5 2.3 33.75 0 0 0
0 0 0 1.5 2.3 34.25 0 0 0
0 0 0 1.5 2.3 34.75 0 0 0
0 0 0 1.5 2.3 35.25 0 0 0
0 0 0 1.5 2.3 35.75 0 0 0
0 0 0 1.5 2.3 36.25 0 0 0
0 0 0 1.5 2.3 36.75 0 0 0
0 0 0 1.5 2.3 37.25 0 0 0
0 0 0 1.5 2.3 37.75 0 0 0
0 0 0 1.5 2.3 38.25 0 0 0
0 0 0 1.5 2.3 38.75 0 0 0
0 0 0 1.5 2.3 39.25 0 0 0
0 0 0 1.5 2.3 39.75 0 0 0
0 0 0 1.5 2.4 -0.25 0.845692604538086 0.850703797301257 0
0 0 0 1.5 2.4 0.25 5.18140694337224 5.21210981130069 0
0 0 0 1.5 2.4 0.75 7.76316869832112 7.81041032582164 0
0 0 0 1.5 2.4 1.25 4.51237754557784 4.5401053662657 0
0 0 0 1.5 2.4 1.75 0 0 0
0 0 0 1.5 2.4 2.25 0 0 0
0 0 0 1.5 2.4 2.75 0 0 0
0 0 0 1.5 2.4 3.25 0 0 0
0 0 0 1.5 2.4 3.75 0 0 0
0 0 0 1.5 2.4 4.25 0 0 0
0 0 0 1.5 2.4 4.75 0 0 0
0 0 0 1.5 2.4 5.25 0 0 0
0 0 0 1.5 2.4 5.75 0 0 0
0 0 0 1.5 2.4 6.25 0.00584240115143929 0.00587612885134194 0
0 0 0 1.5 2.4 6.75 0.577532089971724 0.580765853475182 0
0 0 0 1.5 2.4 7.25 0.347283455919437 0.349246794004544 0
0 0 0 1.5 2.4 7.75 0.00200979793723637 0.00201883475594493 0
0 0 0 1.5 2.4 8.25 0.447226668650625 0.449434129341302 0
0 0 0 1.5 2.4 8.75 0.245672582233812 0.246903351242293 0
0 0 0 1.5 2.4 9.25 0 0 0
0 0 0 1.5 2.4 9.75 0 0 0
0 0 0 1.5 2.4 10.25 2.13054327168275e-06 2.13878366476669e-06 0
0 0 0 1.5 2.4 10.75 0 0 0
0 0 0 1.5 2.4 11.25 0.847715919520696 0.852542799597181 0
0 0 0 1.5 2.4 11.75 2.69824139500164 2.71360577858156 0
0 0 0 1.5 2.4 12.25 0 0 0
0 0 0 1.5 2.4 12.75 0 0 0
0 0 0 1.5 2.4 13.25 0 0 0
0 0 0 1.5 2.4 13.75 4.15998053121968e-05 4.18322653316651e-05 0
0 0 0 1.5 2.4 14.25 0 0 0
0 0 0 1.5 2.4 14.75 0 0 0
0 0 0 1.5 2.4 15.25 0.163715874419411 0.164481407091271 0
0 0 0 1.5 2.4 15.75 0 0 0
0 0 0 1.5 2.4 16.25 0.00289529952811388 0.00291142880545127 0
0 0 0 1.5 2.4 16.75 0 0 0
0 0 0 1.5 2.4 17.25 0.224744660136743 0.226166601999722 0
0 0 0 1.5 2.4 17.75 0 0 0
0 0 0 1.5 2.4 18.25 0 0 0
0 0 0 1.5 2.4 18.75 0 0 0
0 0 0 1.5 2.4 19.25 0 0 0
0 0 0 1.5 2.4 19.75 0 0 0
0 0 0 1.5 2.4 20.25 0 0 0
0 0 0 1.5 2.4 20.75 0 0 0
0 0 0 1.5 2.4 21.25 0 0 0
0 0 0 1.5 2.4 21.75 0 0 0
0 0 0 1.5 2.4 22.25 0 0 0
0 0 0 1.5 2.4 22.75 0 0 0
0 0 0 1.5 2.4 23.25 0 0 0
0 0 0 1.5 2.4 23.75 8.90611875956026e-06 8.96489825244492e-06 0
0 0 0 1.5 2.4 24.25 0 0 0
0 0 0 1.5 2.4 24.75 0 0 0
0 0 0 1.5 2.4 25.25 0.0292511839651415 0.029458494965466 0
0 0 0 1.5 2.4 25.75 0 0 0
0 0 0 1.5 2.4 26.25 0 0 0
0 0 0 1.5 2.4 26.75 0 0 0
0 0 0 1.5 2.4 27.25 0 0 0
0 0 0 1.5 2.4 27.75 0 0 0
0 0 0 1.5 2.4 28.25 0 0 0
0 0 0 1.5 2.4 28.75 0 0 0
0 0 0 1.5 2.4 29.25 0.00176474471700799 0.00177543931349436 0
0 0 0 1.5 2.4 29.75 0.0898245089686191 0.0902325795137437 0
0 0 0 1.5 2.4 30.25 0.275069084289624 0.276784673874748 0
0 0 0 1.5 2.4 30.75 0.113041608059609 0.113747582974088 0
0 0 0 1.5 2.4 31.25 0 0 0
0 0 0 1.5 2.4 31.75 0.279335024341541 0.280931530252169 0
0 0 0 1.5 2.4 32.25 0 0 0
0 0 0 1.5 2.4 32.75 0 0 0
0 0 0 1.5 2.4 33.25 0 0 0
0 0 0 1.5 2.4 33.75 0 0 0
0 0 0 1.5 2.4 34.25 0 0 0
0 0 0 1.5 2.4 34.75 0 0 0
0 0 0 1.5 2.4 35.25 0 0 0
0 0 0 1.5 2.4 35.75 0 0 0
0 0 0 1.5 2.4 36.25 0 0 0
0 0 0 1.5 2.4 36.75 0 0 0
0 0 0 1.5 2.4 37.25 0 0 0
0 0 0 1.5 2.4 37.75 0 0 0
0 0 0 1.5 2.4 38.25 0 0 0
0 0 0 1.5 2.4 38.75 0 0 0
0 0 0 1.5 2.4 39.25 0 0 0
0 0 0 1.5 2.4 39.75 0 0 0
0 0 0 1.5 2.5 -0.25 0.807602017941873 0.813159252305841 0
0 0 0 1.5 2.5 0.25 4.21274967354601 4.24115153371179 0
0 0 0 1.5 2.5 0.75 4.57539144672812 4.60706249747133 0
0 0 0 1.5 2.5 1.25 2.52099285103024 2.538278628201 0
0 0 0 1.5 2.5 1.75 0 0 0
0 0 0 1.5 2.5 2.25 0 0 0
0 0 0 1.5 2.5 2.75 0 0 0
0 0 0 1.5 2.5 3.25 0 0 0
0 0 0 1.5 2.5 3.75 0 0 0
0 0 0 1.5 2.5 4.25 0 0 0
0 0 0 1.5 2.5 4.75 0 0 0
0 0 0 1.5 2.5 5.25 0 0 0
0 0 0 1.5 2.5 5.75 0 0 0
0 0 0 1.5 2.5 6.25 0.00502668258545999 0.00505734689075297 0
0 0 0 1.5 2.5 6.75 1.80567533437774 1.817608918481 0
0 0 0 1.5 2.5 7.25 0.918976357661073 0.925061611317738 0
0 0 0 1.5 2.5 7.75 0.00606069934664454 0.00609947176945492 0
0 0 0 1.5 2.5 8.25 1.27782032836878 1.28526269538909 0
0 0 0 1.5 2.5 8.75 0.551244945363104 0.55447354695022 0
0 0 0 1.5 2.5 9.25 0 0 0
0 0 0 1.5 2.5 9.75 0 0 0
0 0 0 1.5 2.5 10.25 4.19954040642748e-06 4.230927851292e-06 0
0 0 0 1.5 2.5 10.75 0 0 0
0 0 0 1.5 2.5 11.25 0.743894556226767 0.748836059993708 0
0 0 0 1.5 2.5 11.75 2.13639178994645 2.15015208609362 0
0 0 0 1.5 2.5 12.25 0 0 0
0 0 0 1.5 2.5 12.75 0 0 0
0 0 0 1.5 2.5 13.25 0 0 0
0 0 0 1.5 2.5 13.75 3.37041331915572e-05 3.39172826086959e-05 0
0 0 0 1.5 2.5 14.25 0 0 0
0 0 0 1.5 2.5 14.75 0 0 0
0 0 0 1.5 2.5 15.25 0.25322978266383 0.255112015783317 0
0 0 0 1.5 2.5 15.75 0 0 0
0 0 0 1.5 2.5 16.25 0.00235096048046633 0.00236698540642722 0
0 0 0 1.5 2.5 16.75 0 0 0
0 0 0 1.5 2.5 17.25 0.182417318639334 0.183854938155718 0
0 0 0 1.5 2.5 17.75 0 0 0
0 0 0 1.5 2.5 18.25 0 0 0
0 0 0 1.5 2.5 18.75 0 0 0
0 0 0 1.5 2.5 19.25 0 0 0
0 0 0 1.5 2.5 19.75 0 0 0
0 0 0 1.5 2.5 20.25 0 0 0
0 0 0 1.5 2.5 20.75 0 0 0
0 0 0 1.5 2.5 21.25 0 0 0
0 0 0 1.5 2.5 21.75 0 0 0
0 0 0 1.5 2.5 22.25 0 0 0
0 0 0 1.5 2.5 22.75 0 0 0
0 0 0 1.5 2.5 23.25 0 0 0
0 0 0 1.5 2.5 23.75 1.70936184625067e-05 1.72375232356637e-05 0
0 0 0 1.5 2.5 24.25 0 0 0
0 0 0 1.5 2.5 24.75 0 0 0
0 0 0 1.5 2.5 25.25 0.0237546739606966 0.0239240042513393 0
0 0 0 1.5 2.5 25.75 0 0 0
0 0 0 1.5 2.5 26.25 0 0 0
0 0 0 1.5 2.5 26.75 0 0 0
0 0 0 1.5 2.5 27.25 0 0 0
0 0 0 1.5 2.5 27.75 0 0 0
0 0 0 1.5 2.5 28.25 0 0 0
0 0 0 1.5 2.5 28.75 0 0 0
0 0 0 1.5 2.5 29.25 0.00234210056277679 0.00235828375354554 0
0 0 0 1.5 2.5 29.75 0.0469482939315528 0.0470597809349401 0
0 0 0 1.5 2.5 30.25 0.956695763110824 0.963999168285675 0
0 0 0 1.5 2.5 30.75 0.298122234835775 0.300379096637913 0
0 0 0 1.5 2.5 31.25 0 0 0
0 0 0 1.5 2.5 31.75 0.226867918944548 0.228532858236842 0
0 0 0 1.5 2.5 32.25 0 0 0
0 0 0 1.5 2.5 32.75 0 0 0
0 0 0 1.5 2.5 33.25 0 0 0
0 0 0 1.5 2.5 33.75 0 0 0
0 0 0 1.5 2.5 34.25 0 0 0
0 0 0 1.5 2.5 34.75 0 0 0
0 0 0 1.5 2.5 35.25 0 0 0
0 0 0 1.5 2.5 35.75 0 0 0
0 0 0 1.5 2.5 36.25 0 0 0
0 0 0 1.5 2.5 36.75 0 0 0
0 0 0 1.5 2.5 37.25 0 0 0
0 0 0 1.5 2.5 37.75 0 0 0
0 0 0 1.5 2.5 38.25 0 0 0
0 0 0 1.5 2.5 38.75 0 0 0
0 0 0 1.5 2.5 39.25 0 0 0
0 0 0 1.5 2.5 39.75 0 0 0
0 0 0 1.5 2.6 -0.25 1.05217801394734 1.05947112086091 0
0 0 0 1.5 2.6 0.25 4.48058523347902 4.51167420532204 0
0 0 0 1.5 2.6 0.75 3.95225354584058 3.98212850212083 0
0 0 0 1.5 2.6 1.25 1.60941553520657 1.62206990684657 0
0 0 0 1.5 2.6 1.75 0 0 0
0 0 0 1.5 2.6 2.25 0 0 0
0 0 0 1.5 2.6 2.75 0 0 0
0 0 0 1.5 2.6 3.25 0 0 0
0 0 0 1.5 2.6 3.75 0 0 0
0 0 0 1.5 2.6 4.25 0 0 0
0 0 0 1.5 2.6 4.75 0 0 0
0 0 0 1.5 2.6 5.25 0 0 0
0 0 0 1.5 2.6 5.75 0 0 0
0 0 0 1.5 2.6 6.25 0.00552779024073271 0.0055645428332379 0
0 0 0 1.5 2.6 6.75 2.32848510625096 2.34422200648527 0
0 0 0 1.5 2.6 7.25 1.11574339865728 1.12331339951618 0
0 0 0 1.5 2.6 7.75 0.00761617375542915 0.00766852829871049 0
0 0 0 1.5 2.6 8.25 1.65927250897716 1.66976910051208 0
0 0 0 1.5 2.6 8.75 0.662343084999496 0.666538143222452 0
0 0 0 1.5 2.6 9.25 0 0 0
0 0 0 1.5 2.6 9.75 0 0 0
0 0 0 1.5 2.6 10.25 4.32252079054608e-06 4.35728493990127e-06 0
0 0 0 1.5 2.6 10.75 0 0 0
0 0 0 1.5 2.6 11.25 0.820198147165074 0.826259749662301 0
0 0 0 1.5 2.6 11.75 2.20220722701964 2.21831015798694 0
0 0 0 1.5 2.6 12.25 0 0 0
0 0 0 1.5 2.6 12.75 0 0 0
0 0 0 1.5 2.6 13.25 0 0 0
0 0 0 1.5 2.6 13.75 3.51056378573119e-05 3.53611881754827e-05 0
0 0 0 1.5 2.6 14.25 0 0 0
0 0 0 1.5 2.6 14.75 0 0 0
0 0 0 1.5 2.6 15.25 0.240992526427056 0.242901801277737 0
0 0 0 1.5 2.6 15.75 0 0 0
0 0 0 1.5 2.6 16.25 0.00246461305679944 0.00248283202316423 0
0 0 0 1.5 2.6 16.75 0 0 0
0 0 0 1.5 2.6 17.25 0.19097241994748 0.192377730060604 0
0 0 0 1.5 2.6 17.75 0 0 0
0 0 0 1.5 2.6 18.25 0 0 0
0 0 0 1.5 2.6 18.75 0 0 0
0 0 0 1.5 2.6 19.25 0 0 0
0 0 0 1.5 2.6 19.75 0 0 0
0 0 0 1.5 2.6 20.25 0 0 0
0 0 0 1.5 2.6 20.75 0 0 0
0 0 0 1.5 2.6 21.25 0 0 0
0 0 0 1.5 2.6 21.75 0 0 0
0 0 0 1.5 2.6 22.25 0 0 0
0 0 0 1.5 2.6 22.75 0 0 0
0 0 0 1.5 2.6 23.25 0 0 0
0 0 0 1.5 2.6 23.75 2.1669332009023e-05 2.18550021884783e-05 0
0 0 0 1.5 2.6 24.25 0 0 0
0 0 0 1.5 2.6 24.75 0 0 0
0 0 0 1.5 2.6 25.25 0.0248988570469007 0.0250637861806001 0
0 0 0 1.5 2.6 25.75 0 0 0
0 0 0 1.5 2.6 26.25 0 0 0
0 0 0 1.5 2.6 26.75 0 0 0
0 0 0 1.5 2.6 27.25 0 0 0
0 0 0 1.5 2.6 27.75 0 0 0
0 0 0 1.5 2.6 28.25 0 0 0
0 0 0 1.5 2.6 28.75 0 0 0
0 0 0 1.5 2.6 29.25 0.00210734018080307 0.00212212116326157 0
0 0 0 1.5 2.6 29.75 0.0319979005178274 0.0320555207296051 0
0 0 0 1.5 2.6 30.25 1.16367135931079 1.1727752635551 0
0 0 0 1.5 2.6 30.75 0.340691957642503 0.34335566453318 0
0 0 0 1.5 2.6 31.25 0 0 0
0 0 0 1.5 2.6 31.75 0.237792778398704 0.239609315768154 0
0 0 0 1.5 2.6 32.25 0 0 0
0 0 0 1.5 2.6 32.75 0 0 0
0 0 0 1.5 2.6 33.25 0 0 0
0 0 0 1.5 2.6 33.75 0 0 0
0 0 0 1.5 2.6 34.25 0 0 0
0 0 0 1.5 2.6 34.75 0 0 0
0 0 0 1.5 2.6 35.25 0 0 0
0 0 0 1.5 2.6 35.75 0 0 0
0 0 0 1.5 2.6 36.25 0 0 0
0 0 0 1.5 2.6 36.75 0 0 0
0 0 0 1.5 2.6 37.25 0 0 0
0 0 0 1.5 2.6 37.75 0 0 0
0 0 0 1.5 2.6 38.25 0 0 0
0 0 0 1.5 2.6 38.75 0 0 0
0 0 0 1.5 2.6 39.25 0 0 0
0 0 0 1.5 2.6 39.75 0 0 0
0 0 0 1.5 2.7 -0.25 1.18828752408011 1.19658151274015 0
0 0 0 1.5 2.7 0.25 5.18578339581569 5.22187371991069 0
0 0 0 1.5 2.7 0.75 4.18647625032958 4.22037693088181 0
0 0 0 1.5 2.7 1.25 1.41847231604992 1.43084417602271 0
0 0 0 1.5 2.7 1.75 0 0 0
0 0 0 1.5 2.7 2.25 0 0 0
0 0 0 1.5 2.7 2.75 0 0 0
0 0 0 1.5 2.7 3.25 0 0 0
0 0 0 1.5 2.7 3.75 0 0 0
0 0 0 1.5 2.7 4.25 0 0 0
0 0 0 1.5 2.7 4.75 0 0 0
0 0 0 1.5 2.7 5.25 0 0 0
0 0 0 1.5 2.7 5.75 0 0 0
0 0 0 1.5 2.7 6.25 0.00691630083287482 0.00696680661492567 0
0 0 0 1.5 2.7 6.75 2.77890001727665 2.79835561926385 0
0 0 0 1.5 2.7 7.25 1.10616854131042 1.1139282268967 0
0 0 0 1.5 2.7 7.75 0.0083952586278997 0.00845802755726739 0
0 0 0 1.5 2.7 8.25 1.94739860278501 1.96103067539168 0
0 0 0 1.5 2.7 8.75 0.684728958353075 0.689520243579973 0
0 0 0 1.5 2.7 9.25 0 0 0
0 0 0 1.5 2.7 9.75 0 0 0
0 0 0 1.5 2.7 10.25 3.62598245055196e-06 3.65692855694908e-06 0
0 0 0 1.5 2.7 10.75 0 0 0
0 0 0 1.5 2.7 11.25 0.91006722019345 0.917448189655962 0
0 0 0 1.5 2.7 11.75 2.49448751141149 2.5147301423431 0
0 0 0 1.5 2.7 12.25 0 0 0
0 0 0 1.5 2.7 12.75 0 0 0
0 0 0 1.5 2.7 13.25 0 0 0
0 0 0 1.5 2.7 13.75 3.93706020677071e-05 3.9693391734962e-05 0
0 0 0 1.5 2.7 14.25 0 0 0
0 0 0 1.5 2.7 14.75 0 0 0
0 0 0 1.5 2.7 15.25 0.182534106732791 0.184041050467985 0
0 0 0 1.5 2.7 15.75 0 0 0
0 0 0 1.5 2.7 16.25 0.00277460485505779 0.00279605342561759 0
0 0 0 1.5 2.7 16.75 0 0 0
0 0 0 1.5 2.7 17.25 0.214820566627089 0.216173702791982 0
0 0 0 1.5 2.7 17.75 0 0 0
0 0 0 1.5 2.7 18.25 0 0 0
0 0 0 1.5 2.7 18.75 0 0 0
0 0 0 1.5 2.7 19.25 0 0 0
0 0 0 1.5 2.7 19.75 0 0 0
0 0 0 1.5 2.7 20.25 0 0 0
0 0 0 1.5 2.7 20.75 0 0 0
0 0 0 1.5 2.7 21.25 0 0 0
0 0 0 1.5 2.7 21.75 0 0 0
0 0 0 1.5 2.7 22.25 0 0 0
0 0 0 1.5 2.7 22.75 0 0 0
0 0 0 1.5 2.7 23.25 0 0 0
0 0 0 1.5 2.7 23.75 2.59013272132293e-05 2.61242935333475e-05 0
0 0 0 1.5 2.7 24.25 0 0 0
0 0 0 1.5 2.7 24.75 0 0 0
0 0 0 1.5 2.7 25.25 0.0280309137731314 0.0281981046077437 0
0 0 0 1.5 2.7 25.75 0 0 0
0 0 0 1.5 2.7 26.25 0 0 0
0 0 0 1.5 2.7 26.75 0 0 0
0 0 0 1.5 2.7 27.25 0 0 0
0 0 0 1.5 2.7 27.75 0 0 0
0 0 0 1.5 2.7 28.25 0 0 0
0 0 0 1.5 2.7 28.75 0 0 0
0 0 0 1.5 2.7 29.25 0.00147566181691922 0.00148620071356278 0
0 0 0 1.5 2.7 29.75 0.0277954244809016 0.0279046596380064 0
0 0 0 1.5 2.7 30.25 1.2273684046422 1.23737558788133 0
0 0 0 1.5 2.7 30.75 0.31292608329762 0.315469476698626 0
0 0 0 1.5 2.7 31.25 0 0 0
0 0 0 1.5 2.7 31.75 0.267707421482436 0.269720981390636 0
0 0 0 1.5 2.7 32.25 0 0 0
0 0 0 1.5 2.7 32.75 0 0 0
0 0 0 1.5 2.7 33.25 0 0 0
0 0 0 1.5 2.7 33.75 0 0 0
0 0 0 1.5 2.7 34.25 0 0 0
0 0 0 1.5 2.7 34.75 0 0 0
0 0 0 1.5 2.7 35.25 0 0 0
0 0 0 1.5 2.7 35.75 0 0 0
0 0 0 1.5 2.7 36.25 0 0 0
0 0 0 1.5 2.7 36.75 0 0 0
0 0 0 1.5 2.7 37.25 0 0 0
0 0 0 1.5 2.7 37.75 0 0 0
0 0 0 1.5 2.7 38.25 0 0 0
0 0 0 1.5 2.7 38.75 0 0 0
0 0 0 1.5 2.7 39.25 0 0 0
0 0 0 1.5 2.7 39.75 0 0 0
0 0 0 1.5 2.8 -0.25 0.550313220062604 0.555016848786942 0
0 0 0 1.5 2.8 0.25 2.79905701504059 2.82290635649949 0
0 0 0 1.5 2.8 0.75 5.12693742028978 5.17032645919613 0
0 0 0 1.5 2.8 1.25 2.04056146438671 2.05790806798984 0
0 0 0 1.5 2.8 1.75 0 0 0
0 0 0 1.5 2.8 2.25 0 0 0
0 0 0 1.5 2.8 2.75 0 0 0
0 0 0 1.5 2.8 3.25 0 0 0
0 0 0 1.5 2.8 3.75 0 0 0
0 0 0 1.5 2.8 4.25 0 0 0
0 0 0 1.5 2.8 4.75 0 0 0
0 0 0 1.5 2.8 5.25 0 0 0
0 0 0 1.5 2.8 5.75 0 0 0
0 0 0 1.5 2.8 6.25 0.00673248396423912 0.00678513603826498 0
0 0 0 1.5 2.8 6.75 2.4815659077186 2.50165189387656 0
0 0 0 1.5 2.8 7.25 0.838521821231339 0.845299889885813 0
0 0 0 1.5 2.8 7.75 0.00714585598242008 0.00720415857557842 0
0 0 0 1.5 2.8 8.25 1.70822416520987 1.72098561899054 0
0 0 0 1.5 2.8 8.75 0.484074059124254 0.487592962281883 0
0 0 0 1.5 2.8 9.25 0 0 0
0 0 0 1.5 2.8 9.75 0 0 0
0 0 0 1.5 2.8 10.25 4.35643343684251e-06 4.39546679354889e-06 0
0 0 0 1.5 2.8 10.75 0 0 0
0 0 0 1.5 2.8 11.25 0.486996469768353 0.490448031037015 0
0 0 0 1.5 2.8 11.75 1.24189547433912 1.25074174178652 0
0 0 0 1.5 2.8 12.25 0 0 0
0 0 0 1.5 2.8 12.75 0 0 0
0 0 0 1.5 2.8 13.25 0 0 0
0 0 0 1.5 2.8 13.75 1.99002794751083e-05 2.00279016828616e-05 0
0 0 0 1.5 2.8 14.25 0 0 0
0 0 0 1.5 2.8 14.75 0 0 0
0 0 0 1.5 2.8 15.25 0.255119965610287 0.257322840906046 0
0 0 0 1.5 2.8 15.75 0 0 0
0 0 0 1.5 2.8 16.25 0.00140819696759494 0.00142139195532408 0
0 0 0 1.5 2.8 16.75 0 0 0
0 0 0 1.5 2.8 17.25 0.108922247273866 0.110378504966442 0
0 0 0 1.5 2.8 17.75 0 0 0
0 0 0 1.5 2.8 18.25 0 0 0
0 0 0 1.5 2.8 18.75 0 0 0
0 0 0 1.5 2.8 19.25 0 0 0
0 0 0 1.5 2.8 19.75 0 0 0
0 0 0 1.5 2.8 20.25 0 0 0
0 0 0 1.5 2.8 20.75 0 0 0
0 0 0 1.5 2.8 21.25 0 0 0
0 0 0 1.5 2.8 21.75 0 0 0
0 0 0 1.5 2.8 22.25 0 0 0
0 0 0 1.5 2.8 22.75 0 0 0
0 0 0 1.5 2.8 23.25 0 0 0
0 0 0 1.5 2.8 23.75 2.156716568166e-05 2.17751249624368e-05 0
0 0 0 1.5 2.8 24.25 0 0 0
0 0 0 1.5 2.8 24.75 0 0 0
0 0 0 1.5 2.8 25.25 0.0142211058744867 0.0143381160139738 0
0 0 0 1.5 2.8 25.75 0 0 0
0 0 0 1.5 2.8 26.25 0 0 0
0 0 0 1.5 2.8 26.75 0 0 0
0 0 0 1.5 2.8 27.25 0 0 0
0 0 0 1.5 2.8 27.75 0 0 0
0 0 0 1.5 2.8 28.25 0 0 0
0 0 0 1.5 2.8 28.75 0 0 0
0 0 0 1.5 2.8 29.25 0.0023208489747565 0.00234035871231032 0
0 0 0 1.5 2.8 29.75 0.0535597984160577 0.0537756091200042 0
0 0 0 1.5 2.8 30.25 1.17562197213037 1.18600909625037 0
0 0 0 1.5 2.8 30.75 0.246602936364825 0.248820291337779 0
0 0 0 1.5 2.8 31.25 0 0 0
0 0 0 1.5 2.8 31.75 0.135793085433235 0.137342704361165 0
0 0 0 1.5 2.8 32.25 0 0 0
0 0 0 1.5 2.8 32.75 0 0 0
0 0 0 1.5 2.8 33.25 0 0 0
0 0 0 1.5 2.8 33.75 0 0 0
0 0 0 1.5 2.8 34.25 0 0 0
0 0 0 1.5 2.8 34.75 0 0 0
0 0 0 1.5 2.8 35.25 0 0 0
0 0 0 1.5 2.8 35.75 0 0 0
0 0 0 1.5 2.8 36.25 0 0 0
0 0 0 1.5 2.8 36.75 0 0 0
0 0 0 1.5 2.8 37.25 0 0 0
0 0 0 1.5 2.8 37.75 0 0 0
0 0 0 1.5 2.8 38.25 0 0 0
0 0 0 1.5 2.8 38.75 0 0 0
0 0 0 1.5 2.8 39.25 0 0 0
0 0 0 1.5 2.8 39.75 0 0 0
