#Emin=0 meV   Emax=40 meV deltaE=1 meV
#Ha[T] Hb[T] Hc[T] T[K] Q[A^-1] energy[meV] powderintensity powderintensity_bey powderintensity_nuc [barn/sr/f.u.]   f.u.=crystallogrpaphic unit cell (r1xr2xr3)
0 0 0 1.5 0.1 -0.5 0 0 0
0 0 0 1.5 0.1 0.5 11.8740666666667 11.8740666666667 0
0 0 0 1.5 0.1 1.5 0 0 0
0 0 0 1.5 0.1 2.5 0 0 0
0 0 0 1.5 0.1 3.5 0 0 0
0 0 0 1.5 0.1 4.5 0 0 0
0 0 0 1.5 0.1 5.5 0.00804873333333333 0.00804866666666667 0
0 0 0 1.5 0.1 6.5 3.57546 3.57545333333333 0
0 0 0 1.5 0.1 7.5 0.00997533333333333 0.00997533333333333 0
0 0 0 1.5 0.1 8.5 3.34349333333333 3.34349333333333 0
0 0 0 1.5 0.1 9.5 4.66666666666667e-06 4.66666666666667e-06 0
0 0 0 1.5 0.1 10.5 0 0 0
0 0 0 1.5 0.1 11.5 0 0 0
0 0 0 1.5 0.1 12.5 0 0 0
0 0 0 1.5 0.1 13.5 0 0 0
0 0 0 1.5 0.1 14.5 0.277592 0.277592 0
0 0 0 1.5 0.1 15.5 0 0 0
0 0 0 1.5 0.1 16.5 0 0 0
0 0 0 1.5 0.1 17.5 0 0 0
0 0 0 1.5 0.1 18.5 0 0 0
0 0 0 1.5 0.1 19.5 0 0 0
0 0 0 1.5 0.1 20.5 0 0 0
0 0 0 1.5 0.1 21.5 0 0 0
0 0 0 1.5 0.1 22.5 0 0 0
0 0 0 1.5 0.1 23.5 2.99133333333333e-05 2.99133333333333e-05 0
0 0 0 1.5 0.1 24.5 0 0 0
0 0 0 1.5 0.1 25.5 0 0 0
0 0 0 1.5 0.1 26.5 0 0 0
0 0 0 1.5 0.1 27.5 0 0 0
0 0 0 1.5 0.1 28.5 0.00259859333333333 0.00259859333333333 0
0 0 0 1.5 0.1 29.5 0.0974506666666667 0.0974506666666667 0
0 0 0 1.5 0.1 30.5 1.62070666666667 1.62070666666667 0
0 0 0 1.5 0.1 31.5 0 0 0
0 0 0 1.5 0.1 32.5 0 0 0
0 0 0 1.5 0.1 33.5 0 0 0
0 0 0 1.5 0.1 34.5 0 0 0
0 0 0 1.5 0.1 35.5 0 0 0
0 0 0 1.5 0.1 36.5 0 0 0
0 0 0 1.5 0.1 37.5 0 0 0
0 0 0 1.5 0.1 38.5 0 0 0
0 0 0 1.5 0.1 39.5 0 0 0
0 0 0 1.5 0.2 -0.5 0 0 0
0 0 0 1.5 0.2 0.5 17.8295 17.8295 0
0 0 0 1.5 0.2 1.5 0 0 0
0 0 0 1.5 0.2 2.5 0 0 0
0 0 0 1.5 0.2 3.5 0 0 0
0 0 0 1.5 0.2 4.5 0 0 0
0 0 0 1.5 0.2 5.5 0.0123566 0.0123566 0
0 0 0 1.5 0.2 6.5 5.4568 5.4568 0
0 0 0 1.5 0.2 7.5 0.0146972 0.0146972 0
0 0 0 1.5 0.2 8.5 4.90676 4.90676 0
0 0 0 1.5 0.2 9.5 6.97e-06 6.97e-06 0
0 0 0 1.5 0.2 10.5 0 0 0
0 0 0 1.5 0.2 11.5 0 0 0
0 0 0 1.5 0.2 12.5 0 0 0
0 0 0 1.5 0.2 13.5 0 0 0
0 0 0 1.5 0.2 14.5 0.416121 0.416121 0
0 0 0 1.5 0.2 15.5 0 0 0
0 0 0 1.5 0.2 16.5 0 0 0
0 0 0 1.5 0.2 17.5 0 0 0
0 0 0 1.5 0.2 18.5 0 0 0
0 0 0 1.5 0.2 19.5 0 0 0
0 0 0 1.5 0.2 20.5 0 0 0
0 0 0 1.5 0.2 21.5 0 0 0
0 0 0 1.5 0.2 22.5 0 0 0
0 0 0 1.5 0.2 23.5 4.479e-05 4.479e-05 0
0 0 0 1.5 0.2 24.5 0 0 0
0 0 0 1.5 0.2 25.5 0 0 0
0 0 0 1.5 0.2 26.5 0 0 0
0 0 0 1.5 0.2 27.5 0 0 0
0 0 0 1.5 0.2 28.5 0.00390179 0.00390179 0
0 0 0 1.5 0.2 29.5 0.146014 0.146014 0
0 0 0 1.5 0.2 30.5 2.4279 2.4279 0
0 0 0 1.5 0.2 31.5 0 0 0
0 0 0 1.5 0.2 32.5 0 0 0
0 0 0 1.5 0.2 33.5 0 0 0
0 0 0 1.5 0.2 34.5 0 0 0
0 0 0 1.5 0.2 35.5 0 0 0
0 0 0 1.5 0.2 36.5 0 0 0
0 0 0 1.5 0.2 37.5 0 0 0
0 0 0 1.5 0.2 38.5 0 0 0
0 0 0 1.5 0.2 39.5 0 0 0
0 0 0 1.5 0.3 -0.5 0 0 0
0 0 0 1.5 0.3 0.5 17.7776070571429 17.7776070571429 0
0 0 0 1.5 0.3 1.5 0 0 0
0 0 0 1.5 0.3 2.5 0 0 0
0 0 0 1.5 0.3 3.5 0 0 0
0 0 0 1.5 0.3 4.5 0 0 0
0 0 0 1.5 0.3 5.5 0.0127735457142857 0.0127735457142857 0
0 0 0 1.5 0.3 6.5 5.50461441142857 5.50461441142857 0
0 0 0 1.5 0.3 7.5 1.87954704285714 1.87954704285714 0
0 0 0 1.5 0.3 8.5 3.03888521428571 3.03888235714286 0
0 0 0 1.5 0.3 9.5 7.06428571428572e-06 7.06428571428572e-06 0
0 0 0 1.5 0.3 10.5 0 0 0
0 0 0 1.5 0.3 11.5 0 0 0
0 0 0 1.5 0.3 12.5 0 0 0
0 0 0 1.5 0.3 13.5 0 0 0
0 0 0 1.5 0.3 14.5 0.417378671428571 0.417378527142857 0
0 0 0 1.5 0.3 15.5 0 0 0
0 0 0 1.5 0.3 16.5 0 0 0
0 0 0 1.5 0.3 17.5 0 0 0
0 0 0 1.5 0.3 18.5 0 0 0
0 0 0 1.5 0.3 19.5 0 0 0
0 0 0 1.5 0.3 20.5 0 0 0
0 0 0 1.5 0.3 21.5 0 0 0
0 0 0 1.5 0.3 22.5 0 0 0
0 0 0 1.5 0.3 23.5 4.49271428571429e-05 4.49271428571429e-05 0
0 0 0 1.5 0.3 24.5 0 0 0
0 0 0 1.5 0.3 25.5 0 0 0
0 0 0 1.5 0.3 26.5 0 0 0
0 0 0 1.5 0.3 27.5 0 0 0
0 0 0 1.5 0.3 28.5 0.00388031285714286 0.00388031285714286 0
0 0 0 1.5 0.3 29.5 1.13565650714286 1.13565650714286 0
0 0 0 1.5 0.3 30.5 1.44375673714286 1.44375673714286 0
0 0 0 1.5 0.3 31.5 0 0 0
0 0 0 1.5 0.3 32.5 0 0 0
0 0 0 1.5 0.3 33.5 0 0 0
0 0 0 1.5 0.3 34.5 0 0 0
0 0 0 1.5 0.3 35.5 0 0 0
0 0 0 1.5 0.3 36.5 0 0 0
0 0 0 1.5 0.3 37.5 0 0 0
0 0 0 1.5 0.3 38.5 0 0 0
0 0 0 1.5 0.3 39.5 0 0 0
0 0 0 1.5 0.4 -0.5 0 0 0
0 0 0 1.5 0.4 0.5 17.7553845910526 17.7553845857895 0
0 0 0 1.5 0.4 1.5 0 0 0
0 0 0 1.5 0.4 2.5 0 0 0
0 0 0 1.5 0.4 3.5 0 0 0
0 0 0 1.5 0.4 4.5 0 0 0
0 0 0 1.5 0.4 5.5 0.0132914647368421 0.0132914647368421 0
0 0 0 1.5 0.4 6.5 5.60955429421053 5.60955424157895 0
0 0 0 1.5 0.4 7.5 1.69249736947368 1.69249721105263 0
0 0 0 1.5 0.4 8.5 3.14079580157895 3.14079579631579 0
0 0 0 1.5 0.4 9.5 7.11578947368421e-06 7.11578947368421e-06 0
0 0 0 1.5 0.4 10.5 0 0 0
0 0 0 1.5 0.4 11.5 0 0 0
0 0 0 1.5 0.4 12.5 0 0 0
0 0 0 1.5 0.4 13.5 0 0 0
0 0 0 1.5 0.4 14.5 0.418076348421053 0.418076347894737 0
0 0 0 1.5 0.4 15.5 0 0 0
0 0 0 1.5 0.4 16.5 0 0 0
0 0 0 1.5 0.4 17.5 0 0 0
0 0 0 1.5 0.4 18.5 0 0 0
0 0 0 1.5 0.4 19.5 0 0 0
0 0 0 1.5 0.4 20.5 0 0 0
0 0 0 1.5 0.4 21.5 0 0 0
0 0 0 1.5 0.4 22.5 0 0 0
0 0 0 1.5 0.4 23.5 4.49542105263158e-05 4.49542105263158e-05 0
0 0 0 1.5 0.4 24.5 0 0 0
0 0 0 1.5 0.4 25.5 0 0 0
0 0 0 1.5 0.4 26.5 0 0 0
0 0 0 1.5 0.4 27.5 0 0 0
0 0 0 1.5 0.4 28.5 0.00386804105263158 0.00386804052631579 0
0 0 0 1.5 0.4 29.5 1.07871419842105 1.07871419315789 0
0 0 0 1.5 0.4 30.5 1.50193878315789 1.50193878315789 0
0 0 0 1.5 0.4 31.5 0 0 0
0 0 0 1.5 0.4 32.5 0 0 0
0 0 0 1.5 0.4 33.5 0 0 0
0 0 0 1.5 0.4 34.5 0 0 0
0 0 0 1.5 0.4 35.5 0 0 0
0 0 0 1.5 0.4 36.5 0 0 0
0 0 0 1.5 0.4 37.5 0 0 0
0 0 0 1.5 0.4 38.5 0 0 0
0 0 0 1.5 0.4 39.5 0 0 0
0 0 0 1.5 0.5 -0.5 0 0 0
0 0 0 1.5 0.5 0.5 17.7222707347727 17.7222707097727 0
0 0 0 1.5 0.5 1.5 0 0 0
0 0 0 1.5 0.5 2.5 0 0 0
0 0 0 1.5 0.5 3.5 0 0 0
0 0 0 1.5 0.5 4.5 0 0 0
0 0 0 1.5 0.5 5.5 0.0137338429545455 0.0137338422727273 0
0 0 0 1.5 0.5 6.5 5.6781833125 5.6781827875 0
0 0 0 1.5 0.5 7.5 2.20432636477273 2.20432633977273 0
0 0 0 1.5 0.5 8.5 2.58923151227273 2.58923151204545 0
0 0 0 1.5 0.5 9.5 7.18363636363636e-06 7.18363636363636e-06 0
0 0 0 1.5 0.5 10.5 0 0 0
0 0 0 1.5 0.5 11.5 0 0 0
0 0 0 1.5 0.5 12.5 0 0 0
0 0 0 1.5 0.5 13.5 0 0 0
0 0 0 1.5 0.5 14.5 0.418966406590909 0.418966383636364 0
0 0 0 1.5 0.5 15.5 0 0 0
0 0 0 1.5 0.5 16.5 0 0 0
0 0 0 1.5 0.5 17.5 0 0 0
0 0 0 1.5 0.5 18.5 0 0 0
0 0 0 1.5 0.5 19.5 0 0 0
0 0 0 1.5 0.5 20.5 0 0 0
0 0 0 1.5 0.5 21.5 0 0 0
0 0 0 1.5 0.5 22.5 0 0 0
0 0 0 1.5 0.5 23.5 4.50231818181818e-05 4.50231818181818e-05 0
0 0 0 1.5 0.5 24.5 0 0 0
0 0 0 1.5 0.5 25.5 0 0 0
0 0 0 1.5 0.5 26.5 0 0 0
0 0 0 1.5 0.5 27.5 0 0 0
0 0 0 1.5 0.5 28.5 0.00385284545454546 0.003852845 0
0 0 0 1.5 0.5 29.5 1.43762769863636 1.43762760522727 0
0 0 0 1.5 0.5 30.5 1.14597315681818 1.14597315659091 0
0 0 0 1.5 0.5 31.5 0 0 0
0 0 0 1.5 0.5 32.5 0 0 0
0 0 0 1.5 0.5 33.5 0 0 0
0 0 0 1.5 0.5 34.5 0 0 0
0 0 0 1.5 0.5 35.5 0 0 0
0 0 0 1.5 0.5 36.5 0 0 0
0 0 0 1.5 0.5 37.5 0 0 0
0 0 0 1.5 0.5 38.5 0 0 0
0 0 0 1.5 0.5 39.5 0 0 0
0 0 0 1.5 0.6 -0.5 0 0 0
0 0 0 1.5 0.6 0.5 17.6998709657778 17.6998709433333 0
0 0 0 1.5 0.6 1.5 0 0 0
0 0 0 1.5 0.6 2.5 0 0 0
0 0 0 1.5 0.6 3.5 0 0 0
0 0 0 1.5 0.6 4.5 0 0 0
0 0 0 1.5 0.6 5.5 0.0142363368888889 0.0142363353333333 0
0 0 0 1.5 0.6 6.5 5.76781227888889 5.76781181222222 0
0 0 0 1.5 0.6 7.5 2.01303117022222 2.01303110066667 0
0 0 0 1.5 0.6 8.5 2.71077546955556 2.71077544622222 0
0 0 0 1.5 0.6 9.5 7.23300000000001e-06 7.23300000000001e-06 0
0 0 0 1.5 0.6 10.5 0 0 0
0 0 0 1.5 0.6 11.5 0 0 0
0 0 0 1.5 0.6 12.5 0 0 0
0 0 0 1.5 0.6 13.5 0 0 0
0 0 0 1.5 0.6 14.5 0.419658377222222 0.419658372666667 0
0 0 0 1.5 0.6 15.5 0 0 0
0 0 0 1.5 0.6 16.5 0 0 0
0 0 0 1.5 0.6 17.5 0 0 0
0 0 0 1.5 0.6 18.5 0 0 0
0 0 0 1.5 0.6 19.5 0 0 0
0 0 0 1.5 0.6 20.5 0 0 0
0 0 0 1.5 0.6 21.5 0 0 0
0 0 0 1.5 0.6 22.5 0 0 0
0 0 0 1.5 0.6 23.5 4.50557777777778e-05 4.50557777777778e-05 0
0 0 0 1.5 0.6 24.5 0 0 0
0 0 0 1.5 0.6 25.5 0 0 0
0 0 0 1.5 0.6 26.5 0 0 0
0 0 0 1.5 0.6 27.5 0 0 0
0 0 0 1.5 0.6 28.5 0.00384090222222222 0.00384090211111111 0
0 0 0 1.5 0.6 29.5 1.35680759588889 1.35680758788889 0
0 0 0 1.5 0.6 30.5 1.22819656088889 1.22819643866667 0
0 0 0 1.5 0.6 31.5 0 0 0
0 0 0 1.5 0.6 32.5 0 0 0
0 0 0 1.5 0.6 33.5 0 0 0
0 0 0 1.5 0.6 34.5 0 0 0
0 0 0 1.5 0.6 35.5 0 0 0
0 0 0 1.5 0.6 36.5 0 0 0
0 0 0 1.5 0.6 37.5 0 0 0
0 0 0 1.5 0.6 38.5 0 0 0
0 0 0 1.5 0.6 39.5 0 0 0
0 0 0 1.5 0.7 -0.5 0 0 0
0 0 0 1.5 0.7 0.5 17.70369299725 17.7036927009375 0
0 0 0 1.5 0.7 1.5 0 0 0
0 0 0 1.5 0.7 2.5 0 0 0
0 0 0 1.5 0.7 3.5 0 0 0
0 0 0 1.5 0.7 4.5 0 0 0
0 0 0 1.5 0.7 5.5 0.0147631864375 0.0147631855625 0
0 0 0 1.5 0.7 6.5 5.8673345645 5.8673339625625 0
0 0 0 1.5 0.7 7.5 2.48111331275 2.481113154375 0
0 0 0 1.5 0.7 8.5 2.14052084725 2.14052065975 0
0 0 0 1.5 0.7 9.5 7.23275e-06 7.23275e-06 0
0 0 0 1.5 0.7 10.5 0 0 0
0 0 0 1.5 0.7 11.5 0 0 0
0 0 0 1.5 0.7 12.5 0 0 0
0 0 0 1.5 0.7 13.5 0 0 0
0 0 0 1.5 0.7 14.5 0.41976167525 0.4197616413125 0
0 0 0 1.5 0.7 15.5 0 0 0
0 0 0 1.5 0.7 16.5 0 0 0
0 0 0 1.5 0.7 17.5 0 0 0
0 0 0 1.5 0.7 18.5 0 0 0
0 0 0 1.5 0.7 19.5 0 0 0
0 0 0 1.5 0.7 20.5 0 0 0
0 0 0 1.5 0.7 21.5 0 0 0
0 0 0 1.5 0.7 22.5 0 0 0
0 0 0 1.5 0.7 23.5 4.50115e-05 4.50115e-05 0
0 0 0 1.5 0.7 24.5 0 0 0
0 0 0 1.5 0.7 25.5 0 0 0
0 0 0 1.5 0.7 26.5 0 0 0
0 0 0 1.5 0.7 27.5 0 0 0
0 0 0 1.5 0.7 28.5 0.003838622 0.0038386218125 0
0 0 0 1.5 0.7 29.5 1.5768186240625 1.576818522375 0
0 0 0 1.5 0.7 30.5 1.0064709945625 1.0064709189375 0
0 0 0 1.5 0.7 31.5 0 0 0
0 0 0 1.5 0.7 32.5 0 0 0
0 0 0 1.5 0.7 33.5 0 0 0
0 0 0 1.5 0.7 34.5 0 0 0
0 0 0 1.5 0.7 35.5 0 0 0
0 0 0 1.5 0.7 36.5 0 0 0
0 0 0 1.5 0.7 37.5 0 0 0
0 0 0 1.5 0.7 38.5 0 0 0
0 0 0 1.5 0.7 39.5 0 0 0
0 0 0 1.5 0.8 -0.5 0 0 0
0 0 0 1.5 0.8 0.5 17.7442375982051 17.7442361142857 0
0 0 0 1.5 0.8 1.5 0 0 0
0 0 0 1.5 0.8 2.5 0 0 0
0 0 0 1.5 0.8 3.5 0 0 0
0 0 0 1.5 0.8 4.5 0 0 0
0 0 0 1.5 0.8 5.5 0.0153437375824176 0.0153437361172161 0
0 0 0 1.5 0.8 6.5 5.98134473846154 5.98134429263736 0
0 0 0 1.5 0.8 7.5 2.81178772531135 2.81178753838828 0
0 0 0 1.5 0.8 8.5 1.66165019857143 1.66165019820513 0
0 0 0 1.5 0.8 9.5 7.16619047619048e-06 7.16619047619048e-06 0
0 0 0 1.5 0.8 10.5 0 0 0
0 0 0 1.5 0.8 11.5 0 0 0
0 0 0 1.5 0.8 12.5 0 0 0
0 0 0 1.5 0.8 13.5 0 0 0
0 0 0 1.5 0.8 14.5 0.419037953699634 0.419037923076923 0
0 0 0 1.5 0.8 15.5 0 0 0
0 0 0 1.5 0.8 16.5 0 0 0
0 0 0 1.5 0.8 17.5 0 0 0
0 0 0 1.5 0.8 18.5 0 0 0
0 0 0 1.5 0.8 19.5 0 0 0
0 0 0 1.5 0.8 20.5 0 0 0
0 0 0 1.5 0.8 21.5 0 0 0
0 0 0 1.5 0.8 22.5 0 0 0
0 0 0 1.5 0.8 23.5 4.48601831501831e-05 4.48601831501831e-05 0
0 0 0 1.5 0.8 24.5 0 0 0
0 0 0 1.5 0.8 25.5 0 0 0
0 0 0 1.5 0.8 26.5 0 0 0
0 0 0 1.5 0.8 27.5 0 0 0
0 0 0 1.5 0.8 28.5 0.00385012443223443 0.00385012424908424 0
0 0 0 1.5 0.8 29.5 1.85120612644689 1.85120605150183 0
0 0 0 1.5 0.8 30.5 0.725998076007326 0.725998032051282 0
0 0 0 1.5 0.8 31.5 0 0 0
0 0 0 1.5 0.8 32.5 0 0 0
0 0 0 1.5 0.8 33.5 0 0 0
0 0 0 1.5 0.8 34.5 0 0 0
0 0 0 1.5 0.8 35.5 0 0 0
0 0 0 1.5 0.8 36.5 0 0 0
0 0 0 1.5 0.8 37.5 0 0 0
0 0 0 1.5 0.8 38.5 0 0 0
0 0 0 1.5 0.8 39.5 0 0 0
0 0 0 1.5 0.9 -0.5 0 0 0
0 0 0 1.5 0.9 0.5 17.808157170553 17.8081561196083 0
0 0 0 1.5 0.9 1.5 0 0 0
0 0 0 1.5 0.9 2.5 0 0 0
0 0 0 1.5 0.9 3.5 0 0 0
0 0 0 1.5 0.9 4.5 0 0 0
0 0 0 1.5 0.9 5.5 0.0160738731105991 0.0160738723271889 0
0 0 0 1.5 0.9 6.5 6.1137703208295 6.11376984753457 0
0 0 0 1.5 0.9 7.5 3.31018965260369 3.31018954656683 0
0 0 0 1.5 0.9 8.5 0.976671026520738 0.976670899562213 0
0 0 0 1.5 0.9 9.5 7.06198156682025e-06 7.06198156682025e-06 0
0 0 0 1.5 0.9 10.5 0 0 0
0 0 0 1.5 0.9 11.5 0 0 0
0 0 0 1.5 0.9 12.5 0 0 0
0 0 0 1.5 0.9 13.5 0 0 0
0 0 0 1.5 0.9 14.5 0.417807478870968 0.417807459331797 0
0 0 0 1.5 0.9 15.5 0 0 0
0 0 0 1.5 0.9 16.5 0 0 0
0 0 0 1.5 0.9 17.5 0 0 0
0 0 0 1.5 0.9 18.5 0 0 0
0 0 0 1.5 0.9 19.5 0 0 0
0 0 0 1.5 0.9 20.5 0 0 0
0 0 0 1.5 0.9 21.5 0 0 0
0 0 0 1.5 0.9 22.5 0 0 0
0 0 0 1.5 0.9 23.5 4.46372119815668e-05 4.46372119815668e-05 0
0 0 0 1.5 0.9 24.5 0 0 0
0 0 0 1.5 0.9 25.5 0 0 0
0 0 0 1.5 0.9 26.5 0 0 0
0 0 0 1.5 0.9 27.5 0 0 0
0 0 0 1.5 0.9 28.5 0.00387056119815668 0.00387056094470046 0
0 0 0 1.5 0.9 29.5 2.12717882797235 2.12717867919355 0
0 0 0 1.5 0.9 30.5 0.440975605414746 0.440975566013825 0
0 0 0 1.5 0.9 31.5 0 0 0
0 0 0 1.5 0.9 32.5 0 0 0
0 0 0 1.5 0.9 33.5 0 0 0
0 0 0 1.5 0.9 34.5 0 0 0
0 0 0 1.5 0.9 35.5 0 0 0
0 0 0 1.5 0.9 36.5 0 0 0
0 0 0 1.5 0.9 37.5 0 0 0
0 0 0 1.5 0.9 38.5 0 0 0
0 0 0 1.5 0.9 39.5 0 0 0
0 0 0 1.5 1 -0.5 0 0 0
0 0 0 1.5 1 0.5 17.8768626847496 17.8768618537329 0
0 0 0 1.5 1 1.5 0 0 0
0 0 0 1.5 1 2.5 0 0 0
0 0 0 1.5 1 3.5 0 0 0
0 0 0 1.5 1 4.5 0 0 0
0 0 0 1.5 1 5.5 0.0168188840667678 0.0168188829893778 0
0 0 0 1.5 1 6.5 6.23118097839149 6.23118068215477 0
0 0 0 1.5 1 7.5 3.47715549587254 3.47715524241275 0
0 0 0 1.5 1 8.5 0.634005138376327 0.634005015311077 0
0 0 0 1.5 1 9.5 6.95236722306523e-06 6.95236722306523e-06 0
0 0 0 1.5 1 10.5 0 0 0
0 0 0 1.5 1 11.5 0 0 0
0 0 0 1.5 1 12.5 0 0 0
0 0 0 1.5 1 13.5 0 0 0
0 0 0 1.5 1 14.5 0.416439583338391 0.416439554112291 0
0 0 0 1.5 1 15.5 0 0 0
0 0 0 1.5 1 16.5 0 0 0
0 0 0 1.5 1 17.5 0 0 0
0 0 0 1.5 1 18.5 0 0 0
0 0 0 1.5 1 19.5 0 0 0
0 0 0 1.5 1 20.5 0 0 0
0 0 0 1.5 1 21.5 0 0 0
0 0 0 1.5 1 22.5 0 0 0
0 0 0 1.5 1 23.5 4.4404248861912e-05 4.4404248861912e-05 0
0 0 0 1.5 1 24.5 0 0 0
0 0 0 1.5 1 25.5 0 0 0
0 0 0 1.5 1 26.5 0 0 0
0 0 0 1.5 1 27.5 0 0 0
0 0 0 1.5 1 28.5 0.00389409778452201 0.00389409760242793 0
0 0 0 1.5 1 29.5 2.28048741195751 2.28048726172989 0
0 0 0 1.5 1 30.5 0.278194795098634 0.278194787359636 0
0 0 0 1.5 1 31.5 0 0 0
0 0 0 1.5 1 32.5 0 0 0
0 0 0 1.5 1 33.5 0 0 0
0 0 0 1.5 1 34.5 0 0 0
0 0 0 1.5 1 35.5 0 0 0
0 0 0 1.5 1 36.5 0 0 0
0 0 0 1.5 1 37.5 0 0 0
0 0 0 1.5 1 38.5 0 0 0
0 0 0 1.5 1 39.5 0 0 0
0 0 0 1.5 1.1 -0.5 0 0 0
0 0 0 1.5 1.1 0.5 17.925664956306 17.9256639748804 0
0 0 0 1.5 1.1 1.5 0 0 0
0 0 0 1.5 1.1 2.5 0 0 0
0 0 0 1.5 1.1 3.5 0 0 0
0 0 0 1.5 1.1 4.5 0 0 0
0 0 0 1.5 1.1 5.5 0.0174640811134235 0.0174640798855359 0
0 0 0 1.5 1.1 6.5 6.31874027673257 6.31873989031218 0
0 0 0 1.5 1.1 7.5 3.56198698014568 3.56198682733611 0
0 0 0 1.5 1.1 8.5 0.42032547326743 0.420325439510926 0
0 0 0 1.5 1.1 9.5 6.87802289281998e-06 6.87802289281998e-06 0
0 0 0 1.5 1.1 10.5 0 0 0
0 0 0 1.5 1.1 11.5 0 0 0
0 0 0 1.5 1.1 12.5 0 0 0
0 0 0 1.5 1.1 13.5 0 0 0
0 0 0 1.5 1.1 14.5 0.415480197294484 0.415480172299687 0
0 0 0 1.5 1.1 15.5 0 0 0
0 0 0 1.5 1.1 16.5 0 0 0
0 0 0 1.5 1.1 17.5 0 0 0
0 0 0 1.5 1.1 18.5 0 0 0
0 0 0 1.5 1.1 19.5 0 0 0
0 0 0 1.5 1.1 20.5 0 0 0
0 0 0 1.5 1.1 21.5 0 0 0
0 0 0 1.5 1.1 22.5 0 0 0
0 0 0 1.5 1.1 23.5 4.42379916753383e-05 4.42379916753383e-05 0
0 0 0 1.5 1.1 24.5 0 0 0
0 0 0 1.5 1.1 25.5 0 0 0
0 0 0 1.5 1.1 26.5 0 0 0
0 0 0 1.5 1.1 27.5 0 0 0
0 0 0 1.5 1.1 28.5 0.00391113926118626 0.00391113903225807 0
0 0 0 1.5 1.1 29.5 2.35623323543184 2.35623307868886 0
0 0 0 1.5 1.1 30.5 0.195614031383975 0.195614018272632 0
0 0 0 1.5 1.1 31.5 0 0 0
0 0 0 1.5 1.1 32.5 0 0 0
0 0 0 1.5 1.1 33.5 0 0 0
0 0 0 1.5 1.1 34.5 0 0 0
0 0 0 1.5 1.1 35.5 0 0 0
0 0 0 1.5 1.1 36.5 0 0 0
0 0 0 1.5 1.1 37.5 0 0 0
0 0 0 1.5 1.1 38.5 0 0 0
0 0 0 1.5 1.1 39.5 0 0 0
0 0 0 1.5 1.2 -0.5 0 0 0
0 0 0 1.5 1.2 0.5 17.9404937923365 17.9404925820059 0
0 0 0 1.5 1.2 1.5 0 0 0
0 0 0 1.5 1.2 2.5 0 0 0
0 0 0 1.5 1.2 3.5 0 0 0
0 0 0 1.5 1.2 4.5 0 0 0
0 0 0 1.5 1.2 5.5 0.0178076008817046 0.017807600014695 0
0 0 0 1.5 1.2 6.5 6.36114541326229 6.36114506963995 0
0 0 0 1.5 1.2 7.5 3.54338917422483 3.54338897777369 0
0 0 0 1.5 1.2 8.5 0.384095671175607 0.384095651102131 0
0 0 0 1.5 1.2 9.5 6.85844966936071e-06 6.85844966936071e-06 0
0 0 0 1.5 1.2 10.5 0 0 0
0 0 0 1.5 1.2 11.5 0 0 0
0 0 0 1.5 1.2 12.5 0 0 0
0 0 0 1.5 1.2 13.5 0 0 0
0 0 0 1.5 1.2 14.5 0.415219892343866 0.415219873739899 0
0 0 0 1.5 1.2 15.5 0 0 0
0 0 0 1.5 1.2 16.5 0 0 0
0 0 0 1.5 1.2 17.5 0 0 0
0 0 0 1.5 1.2 18.5 0 0 0
0 0 0 1.5 1.2 19.5 0 0 0
0 0 0 1.5 1.2 20.5 0 0 0
0 0 0 1.5 1.2 21.5 0 0 0
0 0 0 1.5 1.2 22.5 0 0 0
0 0 0 1.5 1.2 23.5 4.41814327700222e-05 4.41814327700222e-05 0
0 0 0 1.5 1.2 24.5 0 0 0
0 0 0 1.5 1.2 25.5 0 0 0
0 0 0 1.5 1.2 26.5 0 0 0
0 0 0 1.5 1.2 27.5 0 0 0
0 0 0 1.5 1.2 28.5 0.00391600316678911 0.00391600300514327 0
0 0 0 1.5 1.2 29.5 2.37684312591477 2.37684295922851 0
0 0 0 1.5 1.2 30.5 0.172700284893461 0.172700268772961 0
0 0 0 1.5 1.2 31.5 0 0 0
0 0 0 1.5 1.2 32.5 0 0 0
0 0 0 1.5 1.2 33.5 0 0 0
0 0 0 1.5 1.2 34.5 0 0 0
0 0 0 1.5 1.2 35.5 0 0 0
0 0 0 1.5 1.2 36.5 0 0 0
0 0 0 1.5 1.2 37.5 0 0 0
0 0 0 1.5 1.2 38.5 0 0 0
0 0 0 1.5 1.2 39.5 0 0 0
0 0 0 1.5 1.3 -0.5 0 0 0
0 0 0 1.5 1.3 0.5 17.9198110734903 17.9198100922216 0
0 0 0 1.5 1.3 1.5 0 0 0
0 0 0 1.5 1.3 2.5 0 0 0
0 0 0 1.5 1.3 3.5 0 0 0
0 0 0 1.5 1.3 4.5 0 0 0
0 0 0 1.5 1.3 5.5 0.0178315821895075 0.0178315811027837 0
0 0 0 1.5 1.3 6.5 6.36366750256961 6.36366711246254 0
0 0 0 1.5 1.3 7.5 3.53497654865632 3.53497629834047 0
0 0 0 1.5 1.3 8.5 0.407722113538545 0.407722074753748 0
0 0 0 1.5 1.3 9.5 6.89479657387575e-06 6.89479657387575e-06 0
0 0 0 1.5 1.3 10.5 0 0 0
0 0 0 1.5 1.3 11.5 0 0 0
0 0 0 1.5 1.3 12.5 0 0 0
0 0 0 1.5 1.3 13.5 0 0 0
0 0 0 1.5 1.3 14.5 0.415701110214133 0.415701088399357 0
0 0 0 1.5 1.3 15.5 0 0 0
0 0 0 1.5 1.3 16.5 0 0 0
0 0 0 1.5 1.3 17.5 0 0 0
0 0 0 1.5 1.3 18.5 0 0 0
0 0 0 1.5 1.3 19.5 0 0 0
0 0 0 1.5 1.3 20.5 0 0 0
0 0 0 1.5 1.3 21.5 0 0 0
0 0 0 1.5 1.3 22.5 0 0 0
0 0 0 1.5 1.3 23.5 4.42392826552463e-05 4.42392826552463e-05 0
0 0 0 1.5 1.3 24.5 0 0 0
0 0 0 1.5 1.3 25.5 0 0 0
0 0 0 1.5 1.3 26.5 0 0 0
0 0 0 1.5 1.3 27.5 0 0 0
0 0 0 1.5 1.3 28.5 0.00390760968415418 0.00390760945931478 0
0 0 0 1.5 1.3 29.5 2.36082123198607 2.36082107586723 0
0 0 0 1.5 1.3 30.5 0.191098018752677 0.191098010123126 0
0 0 0 1.5 1.3 31.5 0 0 0
0 0 0 1.5 1.3 32.5 0 0 0
0 0 0 1.5 1.3 33.5 0 0 0
0 0 0 1.5 1.3 34.5 0 0 0
0 0 0 1.5 1.3 35.5 0 0 0
0 0 0 1.5 1.3 36.5 0 0 0
0 0 0 1.5 1.3 37.5 0 0 0
0 0 0 1.5 1.3 38.5 0 0 0
0 0 0 1.5 1.3 39.5 0 0 0
0 0 0 1.5 1.4 -0.5 0 0 0
0 0 0 1.5 1.4 0.5 17.8769209609246 17.8769199669111 0
0 0 0 1.5 1.4 1.5 0 0 0
0 0 0 1.5 1.4 2.5 0 0 0
0 0 0 1.5 1.4 3.5 0 0 0
0 0 0 1.5 1.4 4.5 0 0 0
0 0 0 1.5 1.4 5.5 0.0176308102949382 0.0176308091510562 0
0 0 0 1.5 1.4 6.5 6.33712698681148 6.33712661023915 0
0 0 0 1.5 1.4 7.5 3.52358503541251 3.52358481983659 0
0 0 0 1.5 1.4 8.5 0.482254967951375 0.482254936863292 0
0 0 0 1.5 1.4 9.5 6.96618971701869e-06 6.96618971701869e-06 0
0 0 0 1.5 1.4 10.5 0 0 0
0 0 0 1.5 1.4 11.5 0 0 0
0 0 0 1.5 1.4 12.5 0 0 0
0 0 0 1.5 1.4 13.5 0 0 0
0 0 0 1.5 1.4 14.5 0.416636716883221 0.416636692905541 0
0 0 0 1.5 1.4 15.5 0 0 0
0 0 0 1.5 1.4 16.5 0 0 0
0 0 0 1.5 1.4 17.5 0 0 0
0 0 0 1.5 1.4 18.5 0 0 0
0 0 0 1.5 1.4 19.5 0 0 0
0 0 0 1.5 1.4 20.5 0 0 0
0 0 0 1.5 1.4 21.5 0 0 0
0 0 0 1.5 1.4 22.5 0 0 0
0 0 0 1.5 1.4 23.5 4.43705579912315e-05 4.43705579912315e-05 0
0 0 0 1.5 1.4 24.5 0 0 0
0 0 0 1.5 1.4 25.5 0 0 0
0 0 0 1.5 1.4 26.5 0 0 0
0 0 0 1.5 1.4 27.5 0 0 0
0 0 0 1.5 1.4 28.5 0.00389114906735753 0.00389114882423278 0
0 0 0 1.5 1.4 29.5 2.33167214496214 2.33167202003986 0
0 0 0 1.5 1.4 30.5 0.22561172162216 0.225611704184934 0
0 0 0 1.5 1.4 31.5 0 0 0
0 0 0 1.5 1.4 32.5 0 0 0
0 0 0 1.5 1.4 33.5 0 0 0
0 0 0 1.5 1.4 34.5 0 0 0
0 0 0 1.5 1.4 35.5 0 0 0
0 0 0 1.5 1.4 36.5 0 0 0
0 0 0 1.5 1.4 37.5 0 0 0
0 0 0 1.5 1.4 38.5 0 0 0
0 0 0 1.5 1.4 39.5 0 0 0
0 0 0 1.5 1.5 -0.5 0 0 0
0 0 0 1.5 1.5 0.5 17.8299222846608 17.8299212029437 0
0 0 0 1.5 1.5 1.5 0 0 0
0 0 0 1.5 1.5 2.5 0 0 0
0 0 0 1.5 1.5 3.5 0 0 0
0 0 0 1.5 1.5 4.5 0 0 0
0 0 0 1.5 1.5 5.5 0.017363261302241 0.017363260272562 0
0 0 0 1.5 1.5 6.5 6.29813553141432 6.29813515600245 0
0 0 0 1.5 1.5 7.5 3.54378000410963 3.54377978187158 0
0 0 0 1.5 1.5 8.5 0.541136052074501 0.541136028570564 0
0 0 0 1.5 1.5 9.5 7.04483646274996e-06 7.04483646274996e-06 0
0 0 0 1.5 1.5 10.5 0 0 0
0 0 0 1.5 1.5 11.5 0 0 0
0 0 0 1.5 1.5 12.5 0 0 0
0 0 0 1.5 1.5 13.5 0 0 0
0 0 0 1.5 1.5 14.5 0.417642356471833 0.417642331741367 0
0 0 0 1.5 1.5 15.5 0 0 0
0 0 0 1.5 1.5 16.5 0 0 0
0 0 0 1.5 1.5 17.5 0 0 0
0 0 0 1.5 1.5 18.5 0 0 0
0 0 0 1.5 1.5 19.5 0 0 0
0 0 0 1.5 1.5 20.5 0 0 0
0 0 0 1.5 1.5 21.5 0 0 0
0 0 0 1.5 1.5 22.5 0 0 0
0 0 0 1.5 1.5 23.5 4.45173288915808e-05 4.45173288915808e-05 0
0 0 0 1.5 1.5 24.5 0 0 0
0 0 0 1.5 1.5 25.5 0 0 0
0 0 0 1.5 1.5 26.5 0 0 0
0 0 0 1.5 1.5 27.5 0 0 0
0 0 0 1.5 1.5 28.5 0.00387359226226528 0.00387359204118715 0
0 0 0 1.5 1.5 29.5 2.30349964526047 2.30349951116598 0
0 0 0 1.5 1.5 30.5 0.259790178849182 0.259790153794669 0
0 0 0 1.5 1.5 31.5 0 0 0
0 0 0 1.5 1.5 32.5 0 0 0
0 0 0 1.5 1.5 33.5 0 0 0
0 0 0 1.5 1.5 34.5 0 0 0
0 0 0 1.5 1.5 35.5 0 0 0
0 0 0 1.5 1.5 36.5 0 0 0
0 0 0 1.5 1.5 37.5 0 0 0
0 0 0 1.5 1.5 38.5 0 0 0
0 0 0 1.5 1.5 39.5 0 0 0
0 0 0 1.5 1.6 -0.5 0 0 0
0 0 0 1.5 1.6 0.5 17.7955232628411 17.7955222874632 0
0 0 0 1.5 1.6 1.5 0 0 0
0 0 0 1.5 1.6 2.5 0 0 0
0 0 0 1.5 1.6 3.5 0 0 0
0 0 0 1.5 1.6 4.5 0 0 0
0 0 0 1.5 1.6 5.5 0.0171076322419846 0.0171076313479991 0
0 0 0 1.5 1.6 6.5 6.25716243631167 6.25716209161474 0
0 0 0 1.5 1.6 7.5 3.47431836305405 3.47431814393399 0
0 0 0 1.5 1.6 8.5 0.680855184806928 0.680855135246899 0
0 0 0 1.5 1.6 9.5 7.10188860285533e-06 7.10188860285533e-06 0
0 0 0 1.5 1.6 10.5 0 0 0
0 0 0 1.5 1.6 11.5 0 0 0
0 0 0 1.5 1.6 12.5 0 0 0
0 0 0 1.5 1.6 13.5 0 0 0
0 0 0 1.5 1.6 14.5 0.41835347991575 0.418353451626491 0
0 0 0 1.5 1.6 15.5 0 0 0
0 0 0 1.5 1.6 16.5 0 0 0
0 0 0 1.5 1.6 17.5 0 0 0
0 0 0 1.5 1.6 18.5 0 0 0
0 0 0 1.5 1.6 19.5 0 0 0
0 0 0 1.5 1.6 20.5 0 0 0
0 0 0 1.5 1.6 21.5 0 0 0
0 0 0 1.5 1.6 22.5 0 0 0
0 0 0 1.5 1.6 23.5 4.46291809033467e-05 4.46291785630705e-05 0
0 0 0 1.5 1.6 24.5 0 0 0
0 0 0 1.5 1.6 25.5 0 0 0
0 0 0 1.5 1.6 26.5 0 0 0
0 0 0 1.5 1.6 27.5 0 0 0
0 0 0 1.5 1.6 28.5 0.00386131770886964 0.0038613174771823 0
0 0 0 1.5 1.6 29.5 2.24406747283407 2.24406735879944 0
0 0 0 1.5 1.6 30.5 0.323772709925112 0.323772682249006 0
0 0 0 1.5 1.6 31.5 0 0 0
0 0 0 1.5 1.6 32.5 0 0 0
0 0 0 1.5 1.6 33.5 0 0 0
0 0 0 1.5 1.6 34.5 0 0 0
0 0 0 1.5 1.6 35.5 0 0 0
0 0 0 1.5 1.6 36.5 0 0 0
0 0 0 1.5 1.6 37.5 0 0 0
0 0 0 1.5 1.6 38.5 0 0 0
0 0 0 1.5 1.6 39.5 0 0 0
0 0 0 1.5 1.7 -0.5 0 0 0
0 0 0 1.5 1.7 0.5 17.7795871517108 17.7795860709435 0
0 0 0 1.5 1.7 1.5 0 0 0
0 0 0 1.5 1.7 2.5 0 0 0
0 0 0 1.5 1.7 3.5 0 0 0
0 0 0 1.5 1.7 4.5 0 0 0
0 0 0 1.5 1.7 5.5 0.0168907335462556 0.0168907324137299 0
0 0 0 1.5 1.7 6.5 6.21904651768541 6.21904615531022 0
0 0 0 1.5 1.7 7.5 3.33714979237887 3.33714959419054 0
0 0 0 1.5 1.7 8.5 0.869597480611235 0.869597429886198 0
0 0 0 1.5 1.7 9.5 7.12695668135116e-06 7.12695668135116e-06 0
0 0 0 1.5 1.7 10.5 0 0 0
0 0 0 1.5 1.7 11.5 0 0 0
0 0 0 1.5 1.7 12.5 0 0 0
0 0 0 1.5 1.7 13.5 0 0 0
0 0 0 1.5 1.7 14.5 0.418647168850952 0.418647144025328 0
0 0 0 1.5 1.7 15.5 0 0 0
0 0 0 1.5 1.7 16.5 0 0 0
0 0 0 1.5 1.7 17.5 0 0 0
0 0 0 1.5 1.7 18.5 0 0 0
0 0 0 1.5 1.7 19.5 0 0 0
0 0 0 1.5 1.7 20.5 0 0 0
0 0 0 1.5 1.7 21.5 0 0 0
0 0 0 1.5 1.7 22.5 0 0 0
0 0 0 1.5 1.7 23.5 4.46870668135092e-05 4.46870613069013e-05 0
0 0 0 1.5 1.7 24.5 0 0 0
0 0 0 1.5 1.7 25.5 0 0 0
0 0 0 1.5 1.7 26.5 0 0 0
0 0 0 1.5 1.7 27.5 0 0 0
0 0 0 1.5 1.7 28.5 0.00385633523127755 0.00385633500367109 0
0 0 0 1.5 1.7 29.5 2.1483655534545 2.14836542172542 0
0 0 0 1.5 1.7 30.5 0.421822030468062 0.421821997088841 0
0 0 0 1.5 1.7 31.5 0 0 0
0 0 0 1.5 1.7 32.5 0 0 0
0 0 0 1.5 1.7 33.5 0 0 0
0 0 0 1.5 1.7 34.5 0 0 0
0 0 0 1.5 1.7 35.5 0 0 0
0 0 0 1.5 1.7 36.5 0 0 0
0 0 0 1.5 1.7 37.5 0 0 0
0 0 0 1.5 1.7 38.5 0 0 0
0 0 0 1.5 1.7 39.5 0 0 0
0 0 0 1.5 1.8 -0.5 0 0 0
0 0 0 1.5 1.8 0.5 17.7798585186705 17.7798574241759 0
0 0 0 1.5 1.8 1.5 0 0 0
0 0 0 1.5 1.8 2.5 0 0 0
0 0 0 1.5 1.8 3.5 0 0 0
0 0 0 1.5 1.8 4.5 0 0 0
0 0 0 1.5 1.8 5.5 0.0166830457861636 0.0166830448588563 0
0 0 0 1.5 1.8 6.5 6.18118264612989 6.18118231961243 0
0 0 0 1.5 1.8 7.5 3.23546988278047 3.23546967626884 0
0 0 0 1.5 1.8 8.5 1.00868299560333 1.00868294178002 0
0 0 0 1.5 1.8 9.5 7.12285505338623e-06 7.12285505338623e-06 0
0 0 0 1.5 1.8 10.5 0 0 0
0 0 0 1.5 1.8 11.5 0 0 0
0 0 0 1.5 1.8 12.5 0 0 0
0 0 0 1.5 1.8 13.5 0 0 0
0 0 0 1.5 1.8 14.5 0.418571799783528 0.418571775092874 0
0 0 0 1.5 1.8 15.5 0 0 0
0 0 0 1.5 1.8 16.5 0 0 0
0 0 0 1.5 1.8 17.5 0 0 0
0 0 0 1.5 1.8 18.5 0 0 0
0 0 0 1.5 1.8 19.5 0 0 0
0 0 0 1.5 1.8 20.5 0 0 0
0 0 0 1.5 1.8 21.5 0 0 0
0 0 0 1.5 1.8 22.5 0 0 0
0 0 0 1.5 1.8 23.5 4.46985593096381e-05 4.46985563843785e-05 0
0 0 0 1.5 1.8 24.5 0 0 0
0 0 0 1.5 1.8 25.5 0 0 0
0 0 0 1.5 1.8 26.5 0 0 0
0 0 0 1.5 1.8 27.5 0 0 0
0 0 0 1.5 1.8 28.5 0.00385773526400469 0.00385773506362441 0
0 0 0 1.5 1.8 29.5 2.07992626476966 2.07992613410563 0
0 0 0 1.5 1.8 30.5 0.490706697137634 0.490706674989031 0
0 0 0 1.5 1.8 31.5 0 0 0
0 0 0 1.5 1.8 32.5 0 0 0
0 0 0 1.5 1.8 33.5 0 0 0
0 0 0 1.5 1.8 34.5 0 0 0
0 0 0 1.5 1.8 35.5 0 0 0
0 0 0 1.5 1.8 36.5 0 0 0
0 0 0 1.5 1.8 37.5 0 0 0
0 0 0 1.5 1.8 38.5 0 0 0
0 0 0 1.5 1.8 39.5 0 0 0
0 0 0 1.5 1.9 -0.5 0 0 0
0 0 0 1.5 1.9 0.5 17.7888149669125 17.7888140870811 0
0 0 0 1.5 1.9 1.5 0 0 0
0 0 0 1.5 1.9 2.5 0 0 0
0 0 0 1.5 1.9 3.5 0 0 0
0 0 0 1.5 1.9 4.5 0 0 0
0 0 0 1.5 1.9 5.5 0.0164490941020503 0.016449093001414 0
0 0 0 1.5 1.9 6.5 6.14066179176405 6.14066144238272 0
0 0 0 1.5 1.9 7.5 3.13178687910207 3.13178670918573 0
0 0 0 1.5 1.9 8.5 1.14494872443672 1.14494866090738 0
0 0 0 1.5 1.9 9.5 7.10300730615167e-06 7.10300612774017e-06 0
0 0 0 1.5 1.9 10.5 0 0 0
0 0 0 1.5 1.9 11.5 0 0 0
0 0 0 1.5 1.9 12.5 0 0 0
0 0 0 1.5 1.9 13.5 0 0 0
0 0 0 1.5 1.9 14.5 0.418293300337026 0.418293275417158 0
0 0 0 1.5 1.9 15.5 0 0 0
0 0 0 1.5 1.9 16.5 0 0 0
0 0 0 1.5 1.9 17.5 0 0 0
0 0 0 1.5 1.9 18.5 0 0 0
0 0 0 1.5 1.9 19.5 0 0 0
0 0 0 1.5 1.9 20.5 0 0 0
0 0 0 1.5 1.9 21.5 0 0 0
0 0 0 1.5 1.9 22.5 0 0 0
0 0 0 1.5 1.9 23.5 4.46860994579308e-05 4.46860982795193e-05 0
0 0 0 1.5 1.9 24.5 0 0 0
0 0 0 1.5 1.9 25.5 0 0 0
0 0 0 1.5 1.9 26.5 0 0 0
0 0 0 1.5 1.9 27.5 0 0 0
0 0 0 1.5 1.9 28.5 0.00386264484209288 0.0038626446181947 0
0 0 0 1.5 1.9 29.5 2.01992682287414 2.01992672248998 0
0 0 0 1.5 1.9 30.5 0.5501695008897 0.550169478658966 0
0 0 0 1.5 1.9 31.5 0 0 0
0 0 0 1.5 1.9 32.5 0 0 0
0 0 0 1.5 1.9 33.5 0 0 0
0 0 0 1.5 1.9 34.5 0 0 0
0 0 0 1.5 1.9 35.5 0 0 0
0 0 0 1.5 1.9 36.5 0 0 0
0 0 0 1.5 1.9 37.5 0 0 0
0 0 0 1.5 1.9 38.5 0 0 0
0 0 0 1.5 1.9 39.5 0 0 0
0 0 0 1.5 2 -0.5 5.0619444414327 5.08401235535241 0
0 0 0 1.5 2 0.5 8.89432388202902 8.90984794956587 0
0 0 0 1.5 2 1.5 0 0 0
0 0 0 1.5 2 2.5 0 0 0
0 0 0 1.5 2 3.5 0 0 0
0 0 0 1.5 2 4.5 0 0 0
0 0 0 1.5 2 5.5 0.00885785867005956 0.00887405218455933 0
0 0 0 1.5 2 6.5 4.78504480141826 4.79727765646625 0
0 0 0 1.5 2 7.5 2.30071085679757 2.30626829979354 0
0 0 0 1.5 2 8.5 0.998015395029772 1.00055450311216 0
0 0 0 1.5 2 9.5 5.75025830612683e-06 5.76820722104908e-06 0
0 0 0 1.5 2 10.5 0.650790002781832 0.653818196762052 0
0 0 0 1.5 2 11.5 2.1980248772393 2.20825335826482 0
0 0 0 1.5 2 12.5 0 0 0
0 0 0 1.5 2 13.5 3.33412089494906e-05 3.34982417898979e-05 0
0 0 0 1.5 2 14.5 0.319038171754369 0.319989734668715 0
0 0 0 1.5 2 15.5 0.00232637178509699 0.00233692625600154 0
0 0 0 1.5 2 16.5 0.1803592818744 0.181051450025927 0
0 0 0 1.5 2 17.5 0 0 0
0 0 0 1.5 2 18.5 0 0 0
0 0 0 1.5 2 19.5 0 0 0
0 0 0 1.5 2 20.5 0 0 0
0 0 0 1.5 2 21.5 0 0 0
0 0 0 1.5 2 22.5 0 0 0
0 0 0 1.5 2 23.5 3.15681150374492e-05 3.16567255617431e-05 0
0 0 0 1.5 2 24.5 0.0234361483080469 0.0235418656193587 0
0 0 0 1.5 2 25.5 0 0 0
0 0 0 1.5 2 26.5 0 0 0
0 0 0 1.5 2 27.5 0 0 0
0 0 0 1.5 2 28.5 0.00278852627424672 0.00279537453620176 0
0 0 0 1.5 2 29.5 1.58119953546381 1.5856905118024 0
0 0 0 1.5 2 30.5 0.506408316067791 0.5079793078068 0
0 0 0 1.5 2 31.5 0.22352710441905 0.224551455129633 0
0 0 0 1.5 2 32.5 0 0 0
0 0 0 1.5 2 33.5 0 0 0
0 0 0 1.5 2 34.5 0 0 0
0 0 0 1.5 2 35.5 0 0 0
0 0 0 1.5 2 36.5 0 0 0
0 0 0 1.5 2 37.5 0 0 0
0 0 0 1.5 2 38.5 0 0 0
0 0 0 1.5 2 39.5 0 0 0
0 0 0 1.5 2.1 -0.5 7.09537045123373 7.12630474377383 0
0 0 0 1.5 2.1 0.5 5.11129866244837 5.13520150967207 0
0 0 0 1.5 2.1 1.5 0 0 0
0 0 0 1.5 2.1 2.5 0 0 0
0 0 0 1.5 2.1 3.5 0 0 0
0 0 0 1.5 2.1 4.5 0 0 0
0 0 0 1.5 2.1 5.5 0.00536974936852922 0.0053931197557892 0
0 0 0 1.5 2.1 6.5 4.15987469695249 4.17764175402668 0
0 0 0 1.5 2.1 7.5 1.90484940978426 1.91269579009642 0
0 0 0 1.5 2.1 8.5 0.961606826668774 0.965582910790326 0
0 0 0 1.5 2.1 9.5 5.12840354066268e-06 5.15435865012294e-06 0
0 0 0 1.5 2.1 10.5 0.940209627979135 0.944584966518619 0
0 0 0 1.5 2.1 11.5 3.20009014182091 3.21498258662928 0
0 0 0 1.5 2.1 12.5 0 0 0
0 0 0 1.5 2.1 13.5 4.85414715877655e-05 4.87701035327584e-05 0
0 0 0 1.5 2.1 14.5 0.273594905327593 0.274978803312257 0
0 0 0 1.5 2.1 15.5 0.00338103166284679 0.00339637087410102 0
0 0 0 1.5 2.1 16.5 0.262311542163125 0.263318033122578 0
0 0 0 1.5 2.1 17.5 0 0 0
0 0 0 1.5 2.1 18.5 0 0 0
0 0 0 1.5 2.1 19.5 0 0 0
0 0 0 1.5 2.1 20.5 0 0 0
0 0 0 1.5 2.1 21.5 0 0 0
0 0 0 1.5 2.1 22.5 0 0 0
0 0 0 1.5 2.1 23.5 2.55858484153948e-05 2.57147972812765e-05 0
0 0 0 1.5 2.1 24.5 0.0341087197328696 0.0342625843815698 0
0 0 0 1.5 2.1 25.5 0 0 0
0 0 0 1.5 2.1 26.5 0 0 0
0 0 0 1.5 2.1 27.5 0 0 0
0 0 0 1.5 2.1 28.5 0.00229958405595561 0.00230959524539686 0
0 0 0 1.5 2.1 29.5 1.34490467807081 1.35124764715167 0
0 0 0 1.5 2.1 30.5 0.522692732713979 0.525173646820523 0
0 0 0 1.5 2.1 31.5 0.325516845780448 0.327008556185098 0
0 0 0 1.5 2.1 32.5 0 0 0
0 0 0 1.5 2.1 33.5 0 0 0
0 0 0 1.5 2.1 34.5 0 0 0
0 0 0 1.5 2.1 35.5 0 0 0
0 0 0 1.5 2.1 36.5 0 0 0
0 0 0 1.5 2.1 37.5 0 0 0
0 0 0 1.5 2.1 38.5 0 0 0
0 0 0 1.5 2.1 39.5 0 0 0
0 0 0 1.5 2.2 -0.5 6.91109610426676 6.94122764946968 0
0 0 0 1.5 2.2 0.5 5.29926731082421 5.3239901797631 0
0 0 0 1.5 2.2 1.5 0 0 0
0 0 0 1.5 2.2 2.5 0 0 0
0 0 0 1.5 2.2 3.5 0 0 0
0 0 0 1.5 2.2 4.5 0 0 0
0 0 0 1.5 2.2 5.5 0.00529715726294371 0.00532020921845263 0
0 0 0 1.5 2.2 6.5 4.14539615001707 4.16310170770261 0
0 0 0 1.5 2.2 7.5 1.84359606392283 1.85118995569199 0
0 0 0 1.5 2.2 8.5 1.03520365419187 1.0394841135606 0
0 0 0 1.5 2.2 9.5 5.11515781875491e-06 5.14092000787491e-06 0
0 0 0 1.5 2.2 10.5 0.893492176691387 0.89765042089704 0
0 0 0 1.5 2.2 11.5 3.24298966226592 3.25808208614017 0
0 0 0 1.5 2.2 12.5 0 0 0
0 0 0 1.5 2.2 13.5 4.86317593017917e-05 4.88608123892644e-05 0
0 0 0 1.5 2.2 14.5 0.273361103783058 0.274743899089181 0
0 0 0 1.5 2.2 15.5 0.0033788168698734 0.00339414624253562 0
0 0 0 1.5 2.2 16.5 0.262319446908589 0.263325932184527 0
0 0 0 1.5 2.2 17.5 0 0 0
0 0 0 1.5 2.2 18.5 0 0 0
0 0 0 1.5 2.2 19.5 0 0 0
0 0 0 1.5 2.2 20.5 0 0 0
0 0 0 1.5 2.2 21.5 0 0 0
0 0 0 1.5 2.2 22.5 0 0 0
0 0 0 1.5 2.2 23.5 2.55692342017184e-05 2.5698231511253e-05 0
0 0 0 1.5 2.2 24.5 0.034109059685019 0.0342629285340245 0
0 0 0 1.5 2.2 25.5 0 0 0
0 0 0 1.5 2.2 26.5 0 0 0
0 0 0 1.5 2.2 27.5 0 0 0
0 0 0 1.5 2.2 28.5 0.00230341033991799 0.00231343786075269 0
0 0 0 1.5 2.2 29.5 1.30630285428439 1.31246281941729 0
0 0 0 1.5 2.2 30.5 0.560830535453775 0.563492524323769 0
0 0 0 1.5 2.2 31.5 0.325604880070215 0.32709697711464 0
0 0 0 1.5 2.2 32.5 0 0 0
0 0 0 1.5 2.2 33.5 0 0 0
0 0 0 1.5 2.2 34.5 0 0 0
0 0 0 1.5 2.2 35.5 0 0 0
0 0 0 1.5 2.2 36.5 0 0 0
0 0 0 1.5 2.2 37.5 0 0 0
0 0 0 1.5 2.2 38.5 0 0 0
0 0 0 1.5 2.2 39.5 0 0 0
0 0 0 1.5 2.3 -0.5 6.12966349054622 6.16333434214297 0
0 0 0 1.5 2.3 0.5 10.508662604681 10.5704408928765 0
0 0 0 1.5 2.3 1.5 0 0 0
0 0 0 1.5 2.3 2.5 0 0 0
0 0 0 1.5 2.3 3.5 0 0 0
0 0 0 1.5 2.3 4.5 0 0 0
0 0 0 1.5 2.3 5.5 0.00562882881092361 0.00565940181658333 0
0 0 0 1.5 2.3 6.5 1.78671766316279 1.79526111362163 0
0 0 0 1.5 2.3 7.5 0.786684995697559 0.790197997220176 0
0 0 0 1.5 2.3 8.5 0.519476125753064 0.521772633932082 0
0 0 0 1.5 2.3 9.5 2.93855211824895e-06 2.95151876476797e-06 0
0 0 0 1.5 2.3 10.5 0.77654805448706 0.780812259434587 0
0 0 0 1.5 2.3 11.5 2.93125590365626 2.94693409673937 0
0 0 0 1.5 2.3 12.5 0 0 0
0 0 0 1.5 2.3 13.5 4.36283614484318e-05 4.38603170503886e-05 0
0 0 0 1.5 2.3 14.5 0.193438618484534 0.194371668501017 0
0 0 0 1.5 2.3 15.5 0.0030287491406121 0.00304467044507939 0
0 0 0 1.5 2.3 16.5 0.235210847307547 0.236520470341229 0
0 0 0 1.5 2.3 17.5 0 0 0
0 0 0 1.5 2.3 18.5 0 0 0
0 0 0 1.5 2.3 19.5 0 0 0
0 0 0 1.5 2.3 20.5 0 0 0
0 0 0 1.5 2.3 21.5 0 0 0
0 0 0 1.5 2.3 22.5 0 0 0
0 0 0 1.5 2.3 23.5 1.3435696466838e-05 1.35135078850479e-05 0
0 0 0 1.5 2.3 24.5 0.030591486495412 0.0307843131666574 0
0 0 0 1.5 2.3 25.5 0 0 0
0 0 0 1.5 2.3 26.5 0 0 0
0 0 0 1.5 2.3 27.5 0 0 0
0 0 0 1.5 2.3 28.5 0.00191342196769113 0.00192394291060008 0
0 0 0 1.5 2.3 29.5 0.589389909186218 0.592466039479636 0
0 0 0 1.5 2.3 30.5 0.26717271012088 0.268559719731298 0
0 0 0 1.5 2.3 31.5 0.292090059084561 0.29365868203418 0
0 0 0 1.5 2.3 32.5 0 0 0
0 0 0 1.5 2.3 33.5 0 0 0
0 0 0 1.5 2.3 34.5 0 0 0
0 0 0 1.5 2.3 35.5 0 0 0
0 0 0 1.5 2.3 36.5 0 0 0
0 0 0 1.5 2.3 37.5 0 0 0
0 0 0 1.5 2.3 38.5 0 0 0
0 0 0 1.5 2.3 39.5 0 0 0
0 0 0 1.5 2.4 -0.5 6.02709954791032 6.06281360860197 0
0 0 0 1.5 2.4 0.5 12.2755462438988 12.3505156920874 0
0 0 0 1.5 2.4 1.5 0 0 0
0 0 0 1.5 2.4 2.5 0 0 0
0 0 0 1.5 2.4 3.5 0 0 0
0 0 0 1.5 2.4 4.5 0 0 0
0 0 0 1.5 2.4 5.5 0.00584240115143929 0.00587612885134194 0
0 0 0 1.5 2.4 6.5 0.924815545891176 0.930012647479719 0
0 0 0 1.5 2.4 7.5 0.449236466587863 0.451452964097241 0
0 0 0 1.5 2.4 8.5 0.245672582233812 0.246903351242293 0
0 0 0 1.5 2.4 9.5 2.13054327168275e-06 2.13878366476669e-06 0
0 0 0 1.5 2.4 10.5 0.847715919520696 0.852542799597181 0
0 0 0 1.5 2.4 11.5 2.69824139500164 2.71360577858156 0
0 0 0 1.5 2.4 12.5 0 0 0
0 0 0 1.5 2.4 13.5 4.15998053121968e-05 4.18322653316651e-05 0
0 0 0 1.5 2.4 14.5 0.163715874419411 0.164481407091271 0
0 0 0 1.5 2.4 15.5 0.00289529952811388 0.00291142880545127 0
0 0 0 1.5 2.4 16.5 0.224744660136743 0.226166601999722 0
0 0 0 1.5 2.4 17.5 0 0 0
0 0 0 1.5 2.4 18.5 0 0 0
0 0 0 1.5 2.4 19.5 0 0 0
0 0 0 1.5 2.4 20.5 0 0 0
0 0 0 1.5 2.4 21.5 0 0 0
0 0 0 1.5 2.4 22.5 0 0 0
0 0 0 1.5 2.4 23.5 8.90611875956026e-06 8.96489825244492e-06 0
0 0 0 1.5 2.4 24.5 0.0292511839651415 0.029458494965466 0
0 0 0 1.5 2.4 25.5 0 0 0
0 0 0 1.5 2.4 26.5 0 0 0
0 0 0 1.5 2.4 27.5 0 0 0
0 0 0 1.5 2.4 28.5 0.00176474471700799 0.00177543931349436 0
0 0 0 1.5 2.4 29.5 0.364893593258242 0.36701725338849 0
0 0 0 1.5 2.4 30.5 0.113041608059609 0.113747582974088 0
0 0 0 1.5 2.4 31.5 0.279335024341541 0.280931530252169 0
0 0 0 1.5 2.4 32.5 0 0 0
0 0 0 1.5 2.4 33.5 0 0 0
0 0 0 1.5 2.4 34.5 0 0 0
0 0 0 1.5 2.4 35.5 0 0 0
0 0 0 1.5 2.4 36.5 0 0 0
0 0 0 1.5 2.4 37.5 0 0 0
0 0 0 1.5 2.4 38.5 0 0 0
0 0 0 1.5 2.4 39.5 0 0 0
0 0 0 1.5 2.5 -0.5 5.02035169148788 5.05431078601763 0
0 0 0 1.5 2.5 0.5 7.0963842977584 7.14534112567223 0
0 0 0 1.5 2.5 1.5 0 0 0
0 0 0 1.5 2.5 2.5 0 0 0
0 0 0 1.5 2.5 3.5 0 0 0
0 0 0 1.5 2.5 4.5 0 0 0
0 0 0 1.5 2.5 5.5 0.00502668258545999 0.00505734689075297 0
0 0 0 1.5 2.5 6.5 2.72465169203883 2.74267052979878 0
0 0 0 1.5 2.5 7.5 1.28388102771543 1.29136216715852 0
0 0 0 1.5 2.5 8.5 0.551244945363104 0.55447354695022 0
0 0 0 1.5 2.5 9.5 4.19954040642748e-06 4.230927851292e-06 0
0 0 0 1.5 2.5 10.5 0.743894556226767 0.748836059993708 0
0 0 0 1.5 2.5 11.5 2.13639178994645 2.15015208609362 0
0 0 0 1.5 2.5 12.5 0 0 0
0 0 0 1.5 2.5 13.5 3.37041331915572e-05 3.39172826086959e-05 0
0 0 0 1.5 2.5 14.5 0.25322978266383 0.255112015783317 0
0 0 0 1.5 2.5 15.5 0.00235096048046633 0.00236698540642722 0
0 0 0 1.5 2.5 16.5 0.182417318639334 0.183854938155718 0
0 0 0 1.5 2.5 17.5 0 0 0
0 0 0 1.5 2.5 18.5 0 0 0
0 0 0 1.5 2.5 19.5 0 0 0
0 0 0 1.5 2.5 20.5 0 0 0
0 0 0 1.5 2.5 21.5 0 0 0
0 0 0 1.5 2.5 22.5 0 0 0
0 0 0 1.5 2.5 23.5 1.70936184625067e-05 1.72375232356637e-05 0
0 0 0 1.5 2.5 24.5 0.0237546739606966 0.0239240042513393 0
0 0 0 1.5 2.5 25.5 0 0 0
0 0 0 1.5 2.5 26.5 0 0 0
0 0 0 1.5 2.5 27.5 0 0 0
0 0 0 1.5 2.5 28.5 0.00234210056277679 0.00235828375354554 0
0 0 0 1.5 2.5 29.5 1.00364405704236 1.01105894922063 0
0 0 0 1.5 2.5 30.5 0.298122234835775 0.300379096637913 0
0 0 0 1.5 2.5 31.5 0.226867918944548 0.228532858236842 0
0 0 0 1.5 2.5 32.5 0 0 0
0 0 0 1.5 2.5 33.5 0 0 0
0 0 0 1.5 2.5 34.5 0 0 0
0 0 0 1.5 2.5 35.5 0 0 0
0 0 0 1.5 2.5 36.5 0 0 0
0 0 0 1.5 2.5 37.5 0 0 0
0 0 0 1.5 2.5 38.5 0 0 0
0 0 0 1.5 2.5 39.5 0 0 0
0 0 0 1.5 2.6 -0.5 5.53276324742638 5.57114532618296 0
0 0 0 1.5 2.6 0.5 5.56166908104708 5.60419840896738 0
0 0 0 1.5 2.6 1.5 0 0 0
0 0 0 1.5 2.6 2.5 0 0 0
0 0 0 1.5 2.6 3.5 0 0 0
0 0 0 1.5 2.6 4.5 0 0 0
0 0 0 1.5 2.6 5.5 0.00552779024073271 0.0055645428332379 0
0 0 0 1.5 2.6 6.5 3.44422850490824 3.46753540600147 0
0 0 0 1.5 2.6 7.5 1.6668886827326 1.67743762881077 0
0 0 0 1.5 2.6 8.5 0.662343084999496 0.666538143222452 0
0 0 0 1.5 2.6 9.5 4.32252079054608e-06 4.35728493990127e-06 0
0 0 0 1.5 2.6 10.5 0.820198147165074 0.826259749662301 0
0 0 0 1.5 2.6 11.5 2.20220722701964 2.21831015798694 0
0 0 0 1.5 2.6 12.5 0 0 0
0 0 0 1.5 2.6 13.5 3.51056378573119e-05 3.53611881754827e-05 0
0 0 0 1.5 2.6 14.5 0.240992526427056 0.242901801277737 0
0 0 0 1.5 2.6 15.5 0.00246461305679944 0.00248283202316423 0
0 0 0 1.5 2.6 16.5 0.19097241994748 0.192377730060604 0
0 0 0 1.5 2.6 17.5 0 0 0
0 0 0 1.5 2.6 18.5 0 0 0
0 0 0 1.5 2.6 19.5 0 0 0
0 0 0 1.5 2.6 20.5 0 0 0
0 0 0 1.5 2.6 21.5 0 0 0
0 0 0 1.5 2.6 22.5 0 0 0
0 0 0 1.5 2.6 23.5 2.1669332009023e-05 2.18550021884783e-05 0
0 0 0 1.5 2.6 24.5 0.0248988570469007 0.0250637861806001 0
0 0 0 1.5 2.6 25.5 0 0 0
0 0 0 1.5 2.6 26.5 0 0 0
0 0 0 1.5 2.6 27.5 0 0 0
0 0 0 1.5 2.6 28.5 0.00210734018080307 0.00212212116326157 0
0 0 0 1.5 2.6 29.5 1.19566925982861 1.20483078428469 0
0 0 0 1.5 2.6 30.5 0.340691957642503 0.34335566453318 0
0 0 0 1.5 2.6 31.5 0.237792778398704 0.239609315768154 0
0 0 0 1.5 2.6 32.5 0 0 0
0 0 0 1.5 2.6 33.5 0 0 0
0 0 0 1.5 2.6 34.5 0 0 0
0 0 0 1.5 2.6 35.5 0 0 0
0 0 0 1.5 2.6 36.5 0 0 0
0 0 0 1.5 2.6 37.5 0 0 0
0 0 0 1.5 2.6 38.5 0 0 0
0 0 0 1.5 2.6 39.5 0 0 0
0 0 0 1.5 2.7 -0.5 6.37407091989577 6.41845523265085 0
0 0 0 1.5 2.7 0.5 5.60494856637952 5.65122110690446 0
0 0 0 1.5 2.7 1.5 0 0 0
0 0 0 1.5 2.7 2.5 0 0 0
0 0 0 1.5 2.7 3.5 0 0 0
0 0 0 1.5 2.7 4.5 0 0 0
0 0 0 1.5 2.7 5.5 0.00691630083287482 0.00696680661492567 0
0 0 0 1.5 2.7 6.5 3.88506855858707 3.91228384616051 0
0 0 0 1.5 2.7 7.5 1.95579386141291 1.96948870294894 0
0 0 0 1.5 2.7 8.5 0.684728958353075 0.689520243579973 0
0 0 0 1.5 2.7 9.5 3.62598245055196e-06 3.65692855694908e-06 0
0 0 0 1.5 2.7 10.5 0.91006722019345 0.917448189655962 0
0 0 0 1.5 2.7 11.5 2.49448751141149 2.5147301423431 0
0 0 0 1.5 2.7 12.5 0 0 0
0 0 0 1.5 2.7 13.5 3.93706020677071e-05 3.9693391734962e-05 0
0 0 0 1.5 2.7 14.5 0.182534106732791 0.184041050467985 0
0 0 0 1.5 2.7 15.5 0.00277460485505779 0.00279605342561759 0
0 0 0 1.5 2.7 16.5 0.214820566627089 0.216173702791982 0
0 0 0 1.5 2.7 17.5 0 0 0
0 0 0 1.5 2.7 18.5 0 0 0
0 0 0 1.5 2.7 19.5 0 0 0
0 0 0 1.5 2.7 20.5 0 0 0
0 0 0 1.5 2.7 21.5 0 0 0
0 0 0 1.5 2.7 22.5 0 0 0
0 0 0 1.5 2.7 23.5 2.59013272132293e-05 2.61242935333475e-05 0
0 0 0 1.5 2.7 24.5 0.0280309137731314 0.0281981046077437 0
0 0 0 1.5 2.7 25.5 0 0 0
0 0 0 1.5 2.7 26.5 0 0 0
0 0 0 1.5 2.7 27.5 0 0 0
0 0 0 1.5 2.7 28.5 0.00147566181691922 0.00148620071356278 0
0 0 0 1.5 2.7 29.5 1.25516382912312 1.26528024751933 0
0 0 0 1.5 2.7 30.5 0.31292608329762 0.315469476698626 0
0 0 0 1.5 2.7 31.5 0.267707421482436 0.269720981390636 0
0 0 0 1.5 2.7 32.5 0 0 0
0 0 0 1.5 2.7 33.5 0 0 0
0 0 0 1.5 2.7 34.5 0 0 0
0 0 0 1.5 2.7 35.5 0 0 0
0 0 0 1.5 2.7 36.5 0 0 0
0 0 0 1.5 2.7 37.5 0 0 0
0 0 0 1.5 2.7 38.5 0 0 0
0 0 0 1.5 2.7 39.5 0 0 0
0 0 0 1.5 2.8 -0.5 3.34937023510317 3.37792320528643 0
0 0 0 1.5 2.8 0.5 7.16749888467647 7.22823452718604 0
0 0 0 1.5 2.8 1.5 0 0 0
0 0 0 1.5 2.8 2.5 0 0 0
0 0 0 1.5 2.8 3.5 0 0 0
0 0 0 1.5 2.8 4.5 0 0 0
0 0 0 1.5 2.8 5.5 0.00673248396423912 0.00678513603826498 0
0 0 0 1.5 2.8 6.5 3.32008772894995 3.34695178376236 0
0 0 0 1.5 2.8 7.5 1.7153700211923 1.72818977756611 0
0 0 0 1.5 2.8 8.5 0.484074059124254 0.487592962281883 0
0 0 0 1.5 2.8 9.5 4.35643343684251e-06 4.39546679354889e-06 0
0 0 0 1.5 2.8 10.5 0.486996469768353 0.490448031037015 0
0 0 0 1.5 2.8 11.5 1.24189547433912 1.25074174178652 0
0 0 0 1.5 2.8 12.5 0 0 0
0 0 0 1.5 2.8 13.5 1.99002794751083e-05 2.00279016828616e-05 0
0 0 0 1.5 2.8 14.5 0.255119965610287 0.257322840906046 0
0 0 0 1.5 2.8 15.5 0.00140819696759494 0.00142139195532408 0
0 0 0 1.5 2.8 16.5 0.108922247273866 0.110378504966442 0
0 0 0 1.5 2.8 17.5 0 0 0
0 0 0 1.5 2.8 18.5 0 0 0
0 0 0 1.5 2.8 19.5 0 0 0
0 0 0 1.5 2.8 20.5 0 0 0
0 0 0 1.5 2.8 21.5 0 0 0
0 0 0 1.5 2.8 22.5 0 0 0
0 0 0 1.5 2.8 23.5 2.156716568166e-05 2.17751249624368e-05 0
0 0 0 1.5 2.8 24.5 0.0142211058744867 0.0143381160139738 0
0 0 0 1.5 2.8 25.5 0 0 0
0 0 0 1.5 2.8 26.5 0 0 0
0 0 0 1.5 2.8 27.5 0 0 0
0 0 0 1.5 2.8 28.5 0.0023208489747565 0.00234035871231032 0
0 0 0 1.5 2.8 29.5 1.22918177054645 1.23978470537037 0
0 0 0 1.5 2.8 30.5 0.246602936364825 0.248820291337779 0
0 0 0 1.5 2.8 31.5 0.135793085433235 0.137342704361165 0
0 0 0 1.5 2.8 32.5 0 0 0
0 0 0 1.5 2.8 33.5 0 0 0
0 0 0 1.5 2.8 34.5 0 0 0
0 0 0 1.5 2.8 35.5 0 0 0
0 0 0 1.5 2.8 36.5 0 0 0
0 0 0 1.5 2.8 37.5 0 0 0
0 0 0 1.5 2.8 38.5 0 0 0
0 0 0 1.5 2.8 39.5 0 0 0
